1.7798073043133917 1.0433213381751234 2.2073365504340066 0.0
1.7595399534307135 1.0333765372256833 2.18249931569836 0.5022392578125
1.7377944905374227 1.0322473792548768 2.161664347697477 1.004478515625
1.7185484090163512 1.0485432914088637 2.1550021992334565 1.5067177734375
1.7035138353700245 1.0779577966134248 2.1618262111442905 2.00895703125
1.691179347425831 1.122654179182862 2.181858106795696 2.5111962890625
1.681103859517353 1.1822360025100616 2.2145569740366646 3.013435546875
1.672654173517882 1.257211709361122 2.2592809213381386 3.5156748046875
1.6674899460176784 1.3448370810297574 2.31510055607467 4.0179140625
1.6639712931166362 1.4435474799147097 2.3807662483842713 4.5201533203125
1.6636384699844489 1.5488719387497627 2.4550018179356687 5.022392578125
1.6638844381611746 1.6637001898638932 2.5370997045844543 5.528329210281372
1.666381352022089 1.772654075141062 2.6190205599741603 6.000536733627319
1.6687076261730809 1.8927992942182297 2.711187828038635 6.506473365783692
1.673041657532015 2.0124391461305384 2.8068502261520707 7.012409997940064
1.6809525310276694 2.1305023141641812 2.9051999070804175 7.518346630096436
1.690334699185027 2.2486913343613275 3.005755250238002 8.024283262252808
1.7016123072226739 2.366149602181071 3.1081234696606606 8.53021989440918
1.7129231786677812 2.4755824507339246 3.205045366257283 9.002427417755127
1.7273620296250327 2.591312091330987 3.310079219388211 9.5083640499115
1.7276199229924958 2.5923871965941845 3.311131999570008 9.513408285071579
1.7277463390691086 2.5935528207324996 3.312184789133934 9.518452520231659
1.7281010114056974 2.594631812435229 3.3131419716182697 9.523038188559003
1.728263634882154 2.5957151766017206 3.3141948872289944 9.528082423719082
1.728333670975442 2.596900732292828 3.315247781683498 9.533126658879162
1.7284603093875779 2.5979933732794813 3.3163007124034714 9.538170894039242
1.728593325270016 2.5991288614738646 3.3173535158526777 9.543215129199321
1.728728349344216 2.6003069447443665 3.318406841933957 9.548259364359401
1.7288087594981498 2.6014489104181844 3.319459922203812 9.55330359951948
