0.08363222321522798 0.01624000125287669 0.12715269365771198 0.0
0.10720462942853708 0.05411084098532415 0.16372535773740293 0.5022392578125
0.11111618633897867 0.0552983426605714 0.16886972326929273 1.004478515625
0.10002846779704089 0.05046630340582971 0.15302025426273677 1.5067177734375
0.12290524880792855 0.057218278484060955 0.18285747027302596 2.00895703125
0.12373950800320045 0.06140011940802119 0.18719034078939548 2.5111962890625
0.12150774406268289 0.06250740456630428 0.1865065800683577 3.013435546875
0.11311661828866819 0.0546581954168332 0.16966472441221128 3.5156748046875
0.11607093956067906 0.05896299918454085 0.17683171469952658 4.0179140625
0.12417901538667117 0.06463225159240396 0.1904781943511352 4.5201533203125
0.15945210113293115 0.08242107476389378 0.24332648423589104 5.022392578125
0.17155516890339886 0.08772581991922186 0.26102852634379414 5.5246318359375
0.2597549245101133 0.131709226383323 0.39348762327681874 6.02687109375
0.3343611608397516 0.16738360264188307 0.5035224362496799 6.5291103515625
0.362517213498956 0.196405761232769 0.5602537896227205 7.031349609375
0.6558385088555255 0.3470725749460104 1.0040026550684313 7.5335888671875
0.8331119383883824 0.5272703274873916 1.3612723190853928 8.035828125
1.7985793273270487 1.5766402221410198 3.376374599792952 8.5380673828125
7.036588787343853 9.22462959972697 16.262015094422058 9.0016728515625
2426.0329082132657 1843.1657243088523 4269.204095027217 9.503912109375
