1 0.6990603607464287 9.549565405253341
1 1.3703338808962704 9.549622647740447
1 1.6894100454251109 9.549651268984
1 2.3352802466896847 9.549708511471106
1 2.583434598776081 9.549765753958212
1 2.843437752526864 9.549822996445318
1 2.924826998983528 9.54985161768887
1 3.0783677884823226 9.549908860175975
1 3.251947107841539 9.549966102663081
1 3.4987873121682447 9.550023345150187
1 3.6503274225015208 9.55005196639374
1 3.907097894571495 9.550109208880846
1 4.156983593518457 9.550166451367952
1 4.4245002664844755 9.550223693855058
1 4.544282999320796 9.55025231509861
1 4.9516579386430335 9.550309557585717
1 5.230523563771062 9.550366800072823
1 5.696442261889386 9.550424042559928
1 5.909197116035062 9.550452663803481
2 6.644091393964069 9.550509906290587
2 7.626635309074375 9.550567148777693
2 8.664371828405605 9.550624391264797
2 9.08238244777051 9.55065301250835
2 9.861611436099505 9.550710254995456
2 10.548182383964395 9.550767497482562
2 11.121410237442266 9.550824739969668
2 11.322459767195268 9.550853361213221
2 11.773648629065415 9.550910603700327
3 12.359916456490186 9.550967846187433
3 12.759835936209907 9.551025088674539
3 12.883076191395718 9.551053709918092
3 13.289788092136614 9.551110952405198
3 13.622113556452307 9.551168194892304
3 13.939171193738806 9.55122543737941
3 14.061741587021146 9.551254058622963
3 14.464048954623674 9.551311301110069
3 14.78462500026052 9.551368543597173
3 15.070092033602467 9.551425786084279
3 15.193211422249345 9.551454407327832
3 15.455328116462189 9.551511649814937
3 15.75492440517062 9.551568892302043
3 16.017637077285485 9.55162613478915
3 16.152059717443155 9.551654756032702
3 16.40890086965439 9.551711998519808
3 16.64838550742803 9.551769241006914
3 16.883406665977684 9.55182648349402
3 16.998955732162663 9.551855104737573
3 17.222330659441603 9.551912347224679
3 17.43599673580887 9.551969589711785
3 17.659759031837563 9.55202683219889
3 17.755883728027612 9.552055453442444
3 17.952971495242664 9.55211269592955
3 18.159601189488384 9.552169938416654
3 18.4014951020529 9.55222718090376
3 18.51175764383912 9.552255802147313
3 18.711940075947933 9.552313044634419
3 18.903401427577872 9.552370287121525
3 19.05431481346672 9.55242752960863
3 19.126844381652205 9.552456150852183
3 19.23496608695545 9.55251339333929
4 19.465307276831272 9.552570635826395
4 19.756817291171338 9.552627878313501
4 19.860816792447636 9.552656499557054
5 20.179100356976917 9.55271374204416
5 20.38324977304185 9.552770984531266
5 20.58277653484253 9.552828227018372
5 20.685033063386502 9.552856848261925
5 20.886027751792746 9.552914090749029
8 21.371734966966727 9.552971333236135
9 22.136643743958494 9.553028575723241
9 22.3032105506822 9.553057196966794
9 22.52874524721646 9.5531144394539
9 22.74929697007333 9.553171681941006
9 22.866785478180606 9.553200303184559
9 23.074865092218417 9.553257545671665
9 23.417763353058838 9.55331478815877
9 23.66500702399775 9.553372030645876
9 23.781991668057547 9.55340065188943
9 24.107764451954964 9.553457894376535
9 24.300068931207065 9.553515136863641
9 24.448711953198345 9.553572379350747
9 24.54692893517228 9.5536010005943
9 24.67241910205268 9.553658243081404
9 24.80768816614283 9.55371548556851
11 25.16943150707982 9.553772728055616
11 25.31795976737663 9.55380134929917
11 25.4710370183516 9.553858591786275
11 25.59312784245023 9.553915834273381
11 25.746228620890992 9.553973076760487
11 25.862339943922294 9.55400169800404
11 26.123407004003283 9.554058940491146
11 26.35186430867909 9.554116182978252
12 26.649632164529226 9.554173425465358
12 26.753237964758533 9.55420204670891
12 27.0400744014518 9.554259289196017
12 27.278895222051293 9.554316531683122
12 27.46118308971838 9.554373774170228
12 27.571395529836536 9.554402395413781
12 27.765210348599126 9.554459637900885
12 27.98673135915901 9.554516880387991
12 28.12166311041667 9.554574122875097
12 28.191209338860585 9.55460274411865
12 28.350117985704923 9.554659986605756
12 28.54265827575223 9.554717229092862
13 28.73214364136003 9.554774471579968
13 28.885653234662396 9.554803092823521
13 29.05915997822538 9.554860335310627
13 29.38254369421826 9.554917577797733
13 29.65344119042604 9.554974820284839
13 29.75704150757286 9.555003441528392
13 29.922301467902145 9.555060684015498
13 30.081833912759436 9.555117926502604
13 30.35625397112566 9.55517516898971
13 32.13902519486819 9.555633021541452
13 32.95216634785358 9.556090874093195
13 34.539096558481845 9.556548726644937
13 35.521172498442965 9.557006579196681
14 39.05410543545355 9.557922284300165
14 40.938313537088014 9.558380136851909
14 42.5434241350182 9.558837989403651
14 43.637824530206885 9.559295841955393
14 44.745271624094066 9.559753694507137
14 45.155723379012954 9.560211547058879
14 45.58577903360784 9.560669399610623
15 46.44491396206869 9.561127252162365
