1 1.8532118578834997 9.549651879438866
1 6.102325035381827 9.550110432001519
1 10.316856179246841 9.550568984564174
1 13.771677867587535 9.551027537126828
1 17.385229356553296 9.551944642252135
1 18.627801952217602 9.552403194814788
1 20.027183770781832 9.552861747377442
1 20.917406381941934 9.553320299940095
1 21.720514696400713 9.553778852502749
1 22.937266465483127 9.554237405065404
2 24.91384321596326 9.554695957628057
4 27.784355919714482 9.555154510190711
6 31.069770471411612 9.555613062753364
6 33.533345292481506 9.556071615316018
6 35.2514696925715 9.556530167878671
7 38.41888842825884 9.55744727300398
7 40.24822930746944 9.557905825566634
7 41.66797326932162 9.558364378129287
7 42.590769948067724 9.55882293069194
7 43.835656168354774 9.559281483254594
7 44.741701895820526 9.559740035817248
7 45.71192891985006 9.560198588379901
7 46.73755980036247 9.560657140942556
8 47.9073742988871 9.56111569350521
8 49.01790281698085 9.561574246067863
8 50.20010532605207 9.562032798630517
10 53.380732856117284 9.562949903755824
11 56.094872699179945 9.563408456318477
11 58.135216160483665 9.563867008881132
11 59.471313078140035 9.564325561443786
11 60.7054619630944 9.56478411400644
12 63.11068539141889 9.565242666569093
12 64.87025746008673 9.565701219131746
12 66.22056850554019 9.5661597716944
12 67.4437988553107 9.566618324257053
12 68.13555965975334 9.567076876819709
12 69.52644523398236 9.567535429382362
13 72.33984579588089 9.568452534507669
14 73.89876378214748 9.568911087070322
15 75.1952630838501 9.569369639632976
16 76.46616863343485 9.56982819219563
16 77.88106933732865 9.570286744758283
16 78.85286167155489 9.570745297320938
16 79.78601161377748 9.571203849883592
16 80.35566705538216 9.571662402446245
16 80.9255891969339 9.572120955008899
16 81.8724389435835 9.572579507571552
16 83.03937236229355 9.573038060134206
16 84.17753504561101 9.573955165259514
16 84.84749265981851 9.574413717822168
16 85.69488142442071 9.574872270384821
16 86.6465178864967 9.575330822947475
16 87.73536224111153 9.575789375510128
16 88.416496549322 9.576247928072782
16 88.91338958428697 9.576706480635435
16 89.40328083321869 9.57716503319809
16 89.9134012758026 9.577623585760744
16 90.55208602471156 9.578082138323397
16 91.3020103861453 9.57854069088605
16 93.31113517511521 9.579457796011358
16 95.01975426737107 9.579916348574011
17 97.88990300462525 9.580374901136667
17 100.15157931508568 9.58083345369932
17 100.93384659220797 9.581292006261974
17 101.6568047711314 9.581750558824627
17 102.32427481187456 9.58220911138728
17 102.70506334498936 9.582667663949934
18 103.9027343870045 9.583126216512587
18 104.59171290655945 9.583584769075243
18 105.21345025733852 9.584043321637896
18 106.02548964045664 9.58450187420055
18 106.96409212665871 9.585418979325857
18 107.46538915295524 9.58587753188851
18 107.89807351217867 9.586336084451164
18 108.44455571567588 9.586794637013817
18 108.7051106567062 9.587253189576472
18 108.97974875107938 9.587711742139126
18 109.27390673201307 9.58817029470178
18 109.68329250046689 9.588628847264433
