1 0.7509874122467725 9.549565406235983
1 1.404352156752509 9.54962264921441
1 1.7233848490679953 9.549651270703622
1 2.3856687854939116 9.549708513682049
1 2.8344528581950246 9.549765756660474
1 3.207451456714937 9.5498229996389
1 3.3709214038603514 9.549851621128113
1 3.6965597850179415 9.54990886410654
1 4.011248780858804 9.549966107084966
1 4.497515520896061 9.550023350063393
1 4.729337243422254 9.550051971552605
1 5.129298244004917 9.550109214531032
1 5.614994197972939 9.550166457509459
1 6.0427907630407205 9.550223700487884
1 6.285233876209456 9.550252321977098
1 6.869127824497422 9.550309564955523
1 7.269528850804126 9.55036680793395
1 7.649155252446468 9.550424050912376
1 7.82484839718713 9.550452672401589
1 8.180881433887027 9.550509915380015
1 8.755956126183005 9.550567158358442
1 9.355937441127399 9.550624401336867
1 9.5921658421386 9.550653022826081
1 10.072970991992372 9.550710265804506
1 10.437582561080111 9.550767508782933
1 10.75854137127572 9.55082475176136
1 10.893352779692822 9.550853373250572
1 11.192680855963859 9.550910616228999
1 11.454711992938128 9.550967859207425
1 11.690839443236932 9.551025102185852
1 11.813845628186323 9.551053723675064
1 12.078917948351197 9.551110966653491
1 12.425178384469634 9.551168209631916
1 12.73819721992502 9.551225452610343
1 12.88853275551811 9.551254074099555
1 13.087034593740455 9.551311317077982
1 13.331005862233651 9.551368560056408
1 13.56146020161073 9.551425803034835
1 13.659332522893708 9.551454424524048
1 13.848232404952686 9.551511667502474
2 14.168032901822235 9.551568910480901
2 14.502164323108385 9.551626153459326
2 14.843595458539971 9.55165477494854
3 15.456381349782056 9.551712017926965
4 16.19562295194888 9.551769260905392
6 16.917206906871122 9.551826503883818
6 17.22623801967556 9.55185512537303
6 17.580900134668855 9.551912368351458
6 17.987732218722634 9.551969611329884
7 18.413679344119895 9.552026854308309
7 18.565271092175816 9.552055475797523
7 19.047533883439595 9.55211271877595
7 19.33871140194642 9.552169961754375
7 19.639365393829415 9.552227204732802
7 19.760697024883758 9.552255826222014
7 19.968734960461937 9.55231306920044
7 20.15423541626521 9.552370312178867
7 20.424940191924755 9.552427555157294
7 20.544938005721725 9.552456176646507
7 20.72624145415384 9.552513419624933
7 20.919590419989284 9.552570662603358
7 21.097771959679932 9.552627905581785
7 21.15390943080271 9.552656527070997
8 21.419525078678596 9.552713770049424
8 21.532196660970133 9.55277101302785
8 21.693883819930758 9.552828256006277
8 21.80257389634436 9.55285687749549
8 22.09589397059831 9.552914120473917
8 22.46021450084491 9.552971363452343
8 22.67353676802775 9.553028606430768
8 22.748287529269064 9.553057227919982
8 22.91884954119983 9.553114470898407
8 23.230326773405455 9.553171713876834
8 23.381695896685912 9.553200335366046
8 23.59209213541884 9.553257578344473
8 23.83376713407652 9.5533148213229
8 24.19040223233904 9.553372064301326
8 24.318608875089968 9.553400685790539
8 24.489885380686204 9.553457928768966
8 24.7247189945181 9.553515171747392
8 24.925921590666825 9.553572414725817
8 25.001069880323207 9.553601036215031
8 25.140684518102685 9.553658279193456
8 25.293055970278704 9.553715522171883
8 25.469531245426634 9.55377276515031
8 25.5648119369322 9.553801386639522
8 25.731433581244175 9.553858629617949
8 25.892607677742326 9.553915872596376
8 26.056546416125343 9.5539731155748
8 26.129202655727973 9.554001737064015
8 26.302017963582244 9.554058980042441
8 26.54282690637726 9.554116223020866
8 26.83148830086003 9.554173465999293
8 26.90697670152508 9.554202087488505
8 27.046012687624977 9.554259330466932
8 27.133709447286236 9.554316573445359
8 27.24310671606686 9.554373816423785
8 27.35454106967193 9.554402437912998
8 27.50986594072225 9.554459680891425
8 27.690018670475744 9.55451692386985
8 28.030240521549807 9.554574166848276
8 28.19324807725971 9.554602788337489
10 28.614397512664567 9.554660031315915
10 28.756234172313818 9.554717274294342
10 28.938561537673742 9.554774517272769
10 29.070455814506065 9.554803138761981
11 29.48430469367316 9.554860381740408
11 29.673005194648116 9.554917624718835
11 29.850976741668546 9.55497486769726
11 29.97572447271053 9.555003489186474
11 30.17381954378507 9.555060732164899
11 30.392334305016195 9.555117975143325
11 30.628952537158025 9.555175218121752
11 30.7115267439983 9.555203839610964
11 30.85181124691175 9.555261082589391
12 31.189772343324854 9.555318325567818
13 31.73904851505195 9.555375568546243
13 31.87320077671822 9.555404190035457
13 32.05334142271109 9.555461433013884
13 32.2267926745883 9.555518675992309
13 32.38553247106145 9.555575918970735
13 32.45404525760997 9.555604540459948
13 32.59506518768988 9.555661783438374
14 32.89245181885936 9.555719026416801
14 33.29074786982727 9.555776269395228
14 33.43330079444267 9.55580489088444
14 33.69448914418015 9.555862133862867
14 33.9227069618577 9.555919376841292
14 34.12211020871531 9.555976619819718
14 34.214924423252896 9.556005241308933
14 34.365526975791965 9.556062484287358
14 34.526255021263886 9.556119727265784
14 34.7145295836847 9.556176970244211
14 34.80442896511402 9.556205591733423
14 35.01846632711824 9.55626283471185
14 35.17300121643395 9.556320077690277
14 35.34968320721459 9.556377320668702
14 35.457866496697925 9.556405942157916
14 35.630604744846536 9.55646318513634
14 35.76296863147698 9.556520428114768
14 35.89528615807909 9.556577671093194
14 35.945039171664725 9.556606292582407
14 36.06104845864765 9.556663535560833
14 36.19213494787683 9.55672077853926
14 36.48716756134976 9.556778021517685
14 36.599382859937975 9.5568066430069
14 36.81977450459287 9.556863885985326
14 37.04326811490961 9.55692112896375
14 37.21919897138877 9.556978371942177
14 37.33348431928521 9.55700699343139
14 37.71936990675451 9.557064236409817
14 37.99147495774753 9.557121479388243
14 38.10403218630138 9.557150100877456
14 38.27625712529363 9.557207343855882
14 38.44188531853223 9.55726458683431
14 38.623885850579875 9.557321829812734
14 38.703148027973135 9.557350451301948
14 38.89795898740622 9.557407694280375
14 39.14193241683127 9.5574649372588
14 39.33281454259227 9.557522180237227
14 39.4208600694964 9.557550801726439
14 39.5600266231128 9.557608044704866
14 39.67905565366501 9.557665287683292
14 39.8060267027693 9.557722530661719
14 39.884423129087224 9.557751152150932
14 40.05489678799571 9.557808395129358
14 40.22262841117934 9.557865638107783
14 40.48232599296304 9.55792288108621
14 40.61055804081118 9.557951502575424
14 40.828784855593476 9.558008745553849
14 41.06290942299432 9.558065988532276
14 41.28025182971806 9.558123231510702
14 41.37378289806651 9.558151852999915
14 41.566898951536714 9.558209095978341
14 41.687569328294195 9.558266338956768
14 41.78052052469255 9.558323581935193
14 41.810559768103026 9.558352203424407
14 41.8936209500037 9.558409446402832
14 41.97918123711455 9.558466689381259
14 42.05051537825547 9.558523932359686
14 42.08664925256291 9.558552553848898
14 42.15923860544917 9.558609796827325
14 42.24012688064517 9.558667039805751
14 42.32008307755341 9.558724282784176
14 42.359083187780506 9.55875290427339
14 42.450635597944384 9.558810147251817
14 42.537582456700086 9.558867390230242
14 42.62305444030275 9.558924633208669
14 42.66764948286154 9.558953254697881
14 42.81515900858521 9.559010497676308
14 43.00445589452858 9.559067740654735
14 43.1735436902724 9.559124983633161
14 43.23709412968075 9.559153605122374
14 43.34483609078954 9.5592108481008
14 43.43968907130196 9.559268091079225
14 43.52381469613589 9.559325334057652
14 43.57008783265485 9.559353955546866
14 43.67265377023503 9.559411198525291
14 43.79393990315538 9.559468441503718
14 43.937761019893 9.559525684482145
14 44.01319047274347 9.559554305971357
14 44.16952342549867 9.559611548949784
14 44.318179842888576 9.55966879192821
14 44.49170931370797 9.559726034906635
14 44.615995806332656 9.55975465639585
14 44.91065168422794 9.559811899374274
14 45.07748715081504 9.559869142352701
14 45.196231356984995 9.559926385331128
14 45.276595183093505 9.55995500682034
14 45.44904139657174 9.560012249798767
14 45.68929430484706 9.560069492777194
14 45.94777990160195 9.560126735755619
14 46.07220243585431 9.560155357244833
14 46.32134672707812 9.56021260022326
14 46.53785639406066 9.560269843201684
14 46.70805658080387 9.560327086180111
14 46.79163653298224 9.560355707669324
14 46.9384956649832 9.56041295064775
14 47.15231602448364 9.560470193626177
14 47.32754145363062 9.560527436604604
14 47.40347000489161 9.560556058093816
14 47.61345439189557 9.560613301072243
14 47.87931012108789 9.560670544050668
14 48.11499757328445 9.560727787029094
14 48.21698045118668 9.560756408518309
14 48.45097964833944 9.560813651496733
14 49.00488703675927 9.56087089447516
14 49.74286719370381 9.560928137453587
14 49.928264952993864 9.5609567589428
14 50.24191062704607 9.561014001921226
14 50.590653715169715 9.561071244899653
14 50.73495197553953 9.561128487878078
14 50.80293864833389 9.561157109367292
14 50.898102164047785 9.561214352345717
14 50.97684410528283 9.561271595324143
14 51.009486661380976 9.561300216813358
14 51.09005073520857 9.561357459791783
14 51.165968511840305 9.56141470277021
14 51.30689673386404 9.561471945748636
14 51.365484726368344 9.561500567237848
14 51.483125959502516 9.561557810216275
14 51.606877761027114 9.561615053194702
14 51.68814749480717 9.561672296173127
14 51.72913222534795 9.56170091766234
14 51.813238459462845 9.561758160640766
14 51.97417358651421 9.561815403619192
14 52.09057355370194 9.56187264659762
14 52.195622492285466 9.561901268086832
14 52.51719474237395 9.561958511065258
14 52.75292468918679 9.562015754043685
14 52.879396070506886 9.56207299702211
14 52.924193491795 9.562101618511324
14 53.033524097076636 9.56215886148975
14 53.16774517382506 9.562216104468176
14 53.273442793626344 9.562273347446602
14 53.32048866393818 9.562301968935815
14 53.36589205990193 9.562359211914242
14 53.42033207963136 9.562416454892668
14 53.45292617542001 9.562473697871095
14 53.48019901386826 9.562502319360307
14 53.53906046561454 9.562559562338734
14 53.60555062782602 9.562616805317159
14 53.73860397068632 9.562674048295586
14 53.81335677960815 9.5627026697848
14 53.97996661474476 9.562759912763225
14 54.120274061131816 9.562817155741651
14 54.25677142082817 9.562874398720078
14 54.30433230412987 9.56290302020929
14 54.38882811841697 9.562960263187717
14 54.47554670766443 9.563017506166144
14 54.53144812671023 9.563074749144569
14 54.5689819510029 9.563103370633783
14 54.66441901333628 9.563160613612208
14 54.72203852995828 9.563217856590635
14 54.80383419916514 9.563275099569061
14 54.84695040986364 9.563303721058274
14 54.9731386502155 9.5633609640367
14 55.107963964123364 9.563418207015127
14 55.22595259957412 9.563475449993552
14 55.31026366663651 9.563504071482766
14 55.52570101655672 9.563561314461193
14 55.88698086334423 9.563618557439618
14 56.464376899613214 9.563675800418045
14 56.92039771737858 9.563704421907257
14 57.16407583425229 9.563761664885684
14 57.2871536881793 9.56381890786411
14 57.38956258727619 9.563876150842537
14 57.44799119325617 9.56390477233175
14 57.56729826248357 9.563962015310176
14 57.71872390840333 9.564019258288601
14 57.84016692305022 9.564076501267028
14 57.907633564131 9.564105122756242
14 58.00386924656642 9.564162365734667
14 58.11285880155386 9.564219608713094
14 58.235558001189276 9.56427685169152
14 58.301889470063315 9.564305473180733
14 58.400827123931286 9.56436271615916
14 58.51465576709334 9.564419959137586
14 58.6141782249008 9.564477202116011
14 58.65379362848138 9.564505823605225
14 58.735381800101024 9.56456306658365
14 58.80445707691497 9.564620309562077
14 58.86128672316854 9.564677552540504
14 58.88955094595997 9.564706174029716
14 58.94449444713954 9.564763417008143
14 59.00726548989975 9.56482065998657
14 59.066984224627284 9.564877902964994
14 59.098755384217306 9.564906524454209
14 59.16754483654601 9.564963767432635
14 59.22618046600723 9.56502101041106
14 59.28697823410167 9.565078253389487
14 59.31573068168746 9.5651068748787
14 59.37768103170419 9.565164117857126
14 59.45054467309527 9.565221360835553
14 59.531289145125356 9.56527860381398
14 59.57229551411976 9.565307225303192
14 59.65413483879733 9.565364468281619
14 59.73481152222164 9.565421711260043
14 59.773342162530184 9.565450332749258
14 59.85193467532427 9.565507575727684
14 59.930974174997694 9.56556481870611
14 60.01093388756324 9.565622061684536
14 60.05140999084374 9.565650683173748
14 60.14858142939842 9.565707926152175
14 60.23367490297308 9.565765169130602
14 60.32799350573536 9.565822412109029
14 60.386316939630454 9.565851033598241
14 60.49275794170497 9.565908276576668
14 60.58572113786669 9.565965519555093
14 60.68347353261345 9.56602276253352
14 60.72411010733566 9.566051384022733
14 60.80614270147226 9.566108627001158
14 60.88342564490995 9.566165869979585
14 60.95706696355564 9.566223112958012
14 60.99594309165774 9.566251734447224
14 61.058148055021334 9.566308977425651
14 61.11964353374319 9.566366220404078
14 61.17781721709891 9.566423463382502
14 61.20671065927934 9.566452084871717
14 61.267580590655825 9.566509327850142
14 61.3276906507886 9.566566570828568
14 61.39150644207573 9.566623813806995
14 61.423412420401036 9.566652435296207
14 61.48306319951055 9.566709678274634
14 61.536469851212935 9.56676692125306
14 61.58894826560029 9.566824164231486
14 61.617096958925416 9.5668527857207
14 61.67130860161666 9.566910028699127
14 61.726801019166494 9.566967271677552
14 61.784203386081145 9.567024514655978
14 61.80921122290542 9.56705313614519
14 61.86233764235268 9.567110379123617
14 61.92160980551439 9.567167622102044
14 61.975629674630596 9.56722486508047
14 62.00614996446541 9.567253486569683
14 62.06116981995105 9.56731072954811
14 62.117664366068034 9.567367972526535
14 62.16889067012056 9.567425215504961
14 62.193132355028204 9.567453836994176
14 62.24144991470164 9.5675110799726
14 62.282295902945684 9.567568322951027
14 62.322331300396485 9.567625565929454
14 62.34514590249646 9.567654187418666
14 62.386799426252765 9.567711430397093
14 62.43282972755692 9.56776867337552
14 62.4786643441986 9.567825916353945
14 62.50222714989199 9.567854537843159
14 62.55368682892871 9.567911780821584
14 62.59725462250973 9.56796902380001
14 62.64104977334942 9.568026266778437
14 62.668249610707676 9.56805488826765
14 62.72494787148429 9.568112131246076
14 62.78460953969563 9.568169374224503
14 62.84853462878384 9.568226617202928
14 62.87827638626189 9.568255238692142
14 62.9489989569179 9.568312481670569
14 63.02873712933807 9.568369724648994
14 63.084807508949396 9.56842696762742
14 63.10121217484737 9.568455589116633
14 63.132459230749106 9.56851283209506
14 63.163827351313145 9.568570075073486
14 63.191042538371555 9.568627318051913
14 63.204550274821734 9.568655939541125
14 63.23221417916384 9.568713182519552
14 63.26551048466623 9.568770425497977
14 63.29542378900241 9.568827668476404
14 63.31011394020614 9.568856289965618
14 63.33820959789372 9.568913532944043
14 63.37228580658201 9.56897077592247
14 63.40652917673025 9.569028018900896
14 63.424536049444015 9.569056640390109
14 63.46888808546737 9.569113883368535
14 63.515938690907795 9.569171126346962
14 63.56277991335008 9.569228369325387
14 63.58494958841716 9.569256990814601
14 63.619520843394646 9.569314233793026
14 63.649852752776994 9.569371476771453
14 63.66604679866617 9.569400098260667
14 63.69839814274425 9.569457341239092
14 63.730962820988104 9.569514584217519
15 63.91875188330612 9.569571827195945
15 63.96392081916196 9.569600448685158
15 64.04044821043007 9.569657691663584
15 64.12079490913824 9.569714934642011
15 64.32019648628538 9.569772177620436
15 64.35213045998742 9.56980079910965
15 64.42686434931237 9.569858042088075
15 64.48284468675939 9.569915285066502
15 64.57720456689917 9.569972528044929
15 64.60609130583062 9.570001149534141
15 64.70967450934018 9.570058392512568
15 64.80015924751872 9.570115635490994
15 64.8771134600602 9.57017287846942
15 64.9102858761756 9.570201499958634
15 64.97788141743663 9.57025874293706
15 65.0388817180768 9.570315985915485
15 65.10417435596601 9.570373228893912
16 65.26629598327445 9.570401850383124
16 65.44461667573403 9.570459093361551
17 65.70809041522384 9.570516336339978
18 66.13492869445045 9.570573579318404
18 66.22367632218224 9.570602200807617
18 66.35260149765232 9.570659443786043
18 66.53573875634537 9.570716686764468
18 66.72984449891335 9.570773929742895
18 66.86860066743495 9.57080255123211
19 67.22185887132548 9.570859794210534
19 67.53206344248481 9.570917037188961
20 67.83832116420093 9.570974280167388
20 67.9777492229449 9.5710029016566
20 68.18222449065993 9.571060144635027
20 68.35906749308097 9.571117387613453
20 68.52760550550445 9.571174630591878
20 68.59947365860478 9.571203252081093
20 68.73086826360522 9.571260495059517
20 68.94465091328729 9.571317738037944
20 69.0933538656648 9.57137498101637
20 69.15610924746818 9.571403602505583
20 69.52115679167869 9.57146084548401
20 69.65942535223486 9.571518088462437
20 69.8412951080707 9.571575331440863
20 69.95785685276763 9.571603952930076
20 70.13324580056626 9.571661195908503
20 70.25594179423432 9.571718438886927
20 70.40677052151617 9.571775681865354
20 70.47333857220124 9.571804303354567
20 70.61987989919432 9.571861546332993
20 70.81358258846285 9.57191878931142
22 71.2561069599327 9.571976032289847
22 71.38522859038163 9.572004653779059
23 71.71346829087454 9.572061896757486
23 72.11355209447686 9.57211913973591
23 72.45003520582969 9.572176382714337
23 72.5835620970513 9.572205004203552
23 72.8037806615313 9.572262247181976
23 73.02548379876164 9.572319490160403
23 73.19300449471686 9.57237673313883
23 73.27191110102405 9.572405354628042
23 73.44378241362463 9.572462597606469
23 73.65464606393351 9.572519840584896
24 73.9194459487341 9.57257708356332
24 73.99226159859853 9.572605705052535
24 74.15584682687354 9.57266294803096
24 74.35848190214716 9.572720191009386
24 74.52047337515835 9.572777433987813
24 74.58451224857704 9.572806055477026
24 74.7439023380995 9.572863298455452
24 74.9278810487803 9.572920541433879
25 75.36892783629669 9.572977784412306
25 75.67020449075049 9.573006405901518
25 75.99796033221836 9.573063648879945
25 76.19658619218443 9.57312089185837
25 76.4360515091171 9.573178134836796
25 76.58479410823095 9.573206756326009
25 76.96958320615232 9.573263999304436
25 77.14960547847389 9.573321242282862
25 77.28612999009822 9.573378485261289
25 77.34763752756196 9.573407106750501
25 77.48332483727954 9.573464349728928
26 77.73692973116104 9.573521592707355
26 77.81762924490418 9.573550214196567
26 77.97432592161529 9.573607457174994
26 78.1028033288892 9.573664700153419
26 78.2573047403438 9.573721943131845
26 78.33445608614858 9.573750564621058
26 78.46400666731611 9.573807807599485
26 78.59318168315465 9.573865050577911
26 78.71738239254238 9.573922293556338
26 78.7729497382576 9.57395091504555
26 78.88629643641136 9.574008158023977
26 79.01135124680397 9.574065401002402
26 79.1530624227416 9.574122643980829
26 79.25420797193654 9.574151265470043
26 79.36777205144124 9.574208508448468
27 79.69399941159769 9.574265751426895
27 79.88339241189135 9.574322994405321
27 79.97403100361167 9.574351615894534
27 80.17288432438345 9.57440885887296
27 80.35231387168395 9.574466101851387
27 80.51490109811094 9.574523344829812
27 80.61292623838794 9.574551966319026
27 80.84292747061404 9.574609209297451
27 81.13762748464843 9.574666452275878
27 81.25254118989889 9.574723695254304
27 81.38103291418199 9.574752316743517
27 81.57587221199587 9.574809559721944
27 81.74611481407585 9.57486680270037
