16769.30965024719 6810.481935514301 23579.818866230915 0.0
16459.33389499597 6442.510111150008 22901.84641603705 0.5022392578125
16139.345927657354 6208.732618295234 22348.081001146853 1.004478515625
15919.783307400921 6245.99271729811 22165.778550182364 1.5067177734375
15680.501842729334 6687.833464780909 22368.33804145416 2.00895703125
15526.932954945478 7440.865554791888 22967.800560450207 2.5111962890625
15425.361195218904 8555.57403894409 23980.9377255978 3.013435546875
15323.790943293592 10108.0914596935 25431.884292898576 3.5156748046875
15340.55611553686 12011.710499092273 27352.26841240415 4.0179140625
15436.788292400859 14342.700176125116 29779.490135455046 4.5201533203125
15725.741112406913 17035.17009111873 32760.91265683385 5.022392578125
15980.268164065075 20377.338943264145 36357.608854866485 5.5246318359375
16401.06676100681 24246.37792704945 40647.44671153321 6.02687109375
16764.384964011504 28970.958380109045 45735.345121790335 6.5291103515625
17217.449889903495 34552.30714381517 51769.758364533285 7.031349609375
18070.499300310323 40907.14345791485 58977.64384980086 7.5335888671875
19135.415455502425 48658.23573460496 67793.65208016144 8.035828125
20760.660019856776 58425.502137915195 79186.16331282641 8.5380673828125
23472.0435532917 70892.93656998915 94364.98091999584 9.0016728515625
36299.7334412018 98253.8098400179 134553.5487437235 9.503912109375
