16769.30965024719 6810.481935514301 23579.818866230915 0.0
16459.33389499597 6442.510111150008 22901.84641603705 0.5022392578125
16139.345927657354 6208.732618295234 22348.081001146853 1.004478515625
15919.783307400921 6245.99271729811 22165.778550182364 1.5067177734375
15680.501842729334 6687.833464780909 22368.33804145416 2.00895703125
15526.932954945478 7440.865554791888 22967.800560450207 2.5111962890625
15425.361195218904 8555.57403894409 23980.9377255978 3.013435546875
15323.790943293592 10108.0914596935 25431.884292898576 3.5156748046875
15340.55611553686 12011.710499092273 27352.26841240415 4.0179140625
15436.788292400859 14342.700176125116 29779.490135455046 4.5201533203125
15725.741112406913 17035.17009111873 32760.91265683385 5.022392578125
15980.268164065075 20377.338943264145 36357.608854866485 5.5246318359375
16401.06676100681 24246.37792704945 40647.44671153321 6.02687109375
16764.384964011504 28970.958380109045 45735.345121790335 6.5291103515625
17217.449889903495 34552.30714381517 51769.758364533285 7.031349609375
18070.499300310323 40907.14345791485 58977.64384980086 7.5335888671875
19135.415455502425 48658.23573460496 67793.65208016144 8.035828125
20760.660019856776 58425.502137915195 79186.16331282641 8.5380673828125
23474.682736238647 70889.78352433028 94364.46712267405 9.0016728515625
36362.81469323142 98217.17051910255 134579.9864171342 9.503912109375
36867.331694882225 98855.86167600635 135723.19509746777 9.508957091778516
37391.47065165512 99439.5464729386 136831.0186165121 9.513543439418077
37030.191924582454 101109.06788536086 138139.2601683861 9.518588421821594
37618.65180324587 101942.62954017645 139561.28177509765 9.52363340422511
38213.36325855481 102912.09521177449 141125.45889630378 9.528678386628627
39130.92806503858 103740.5113161965 142871.4395235505 9.533723369032144
40029.16385595424 104833.0428628172 144862.20762185508 9.53876835143566
41132.90941392993 106079.44177758002 147212.35214056374 9.543813333839177
42344.79939273518 107853.32108463296 150198.12055042855 9.548858316242693
