1 2.738990888925682 0.0030182647705078126
1 8.26508013917513 0.0036219177246093748
1 13.634237331036244 0.004225570678710938
1 15.055723780469089 0.0045273971557617185
1 17.166521922444684 0.0051310501098632815
1 19.32547962034548 0.005734703063964844
1 19.849756553224534 0.006036529541015625
1 20.8756922537189 0.006640182495117187
1 22.391925098914182 0.0072438354492187496
1 22.93966223025312 0.007545661926269531
4 28.13412917312703 0.008149314880371093
5 32.19511949544253 0.008752967834472656
5 33.10938068719023 0.009054794311523437
6 35.35823349167017 0.009658447265625
6 37.26678666009267 0.010262100219726563
6 38.23362628176288 0.010563926696777344
6 40.40700854506233 0.011167579650878907
6 42.29143677388954 0.011771232604980468
6 43.08239733063836 0.01207305908203125
6 45.89936956605707 0.012676712036132812
6 47.15932222028306 0.013280364990234375
6 47.54192512858479 0.013582191467285155
6 49.418312741861044 0.014185844421386718
7 51.36833602767464 0.014789497375488281
7 51.89955514600615 0.015091323852539062
8 54.61738074905976 0.015694976806640625
8 56.06954909733097 0.016298629760742187
8 56.86341503744213 0.01660045623779297
8 58.74584840847837 0.01720410919189453
8 60.082199176815735 0.017505935668945313
9 62.812394332935554 0.018109588623046874
9 65.11303989322224 0.01871324157714844
9 66.183677381657 0.019015068054199218
9 67.53383514502806 0.019618721008300782
9 68.97801788941217 0.020222373962402344
9 69.51859148163726 0.020524200439453126
9 70.65961549083387 0.021127853393554687
9 71.65962122787668 0.02173150634765625
9 72.22639470626338 0.02203333282470703
9 73.98466121500313 0.022636985778808592
9 75.59813891240834 0.023240638732910157
9 76.26925248407679 0.023542465209960936
9 77.60449906779822 0.0241461181640625
9 79.13797149219184 0.024749771118164062
9 79.67920048137181 0.025051597595214845
9 80.3625521625112 0.025655250549316406
9 81.97417363072715 0.026258903503417967
9 82.46521385889577 0.02656072998046875
9 83.16412941895834 0.02716438293457031
10 85.39009460801378 0.027768035888671876
10 86.05731935092956 0.028069862365722655
10 87.41755705801884 0.02867351531982422
10 88.32861617333823 0.02927716827392578
10 88.89941152453571 0.029578994750976563
10 91.41202259568449 0.030182647705078124
10 92.02925201978942 0.03078630065917969
10 92.40132064524963 0.031088127136230468
10 93.27769700083287 0.03169178009033203
10 93.76871799899419 0.032295433044433594
10 94.13901095278474 0.03259725952148437
10 94.75846902178958 0.03320091247558594
10 95.03573600189539 0.03350273895263672
10 95.80115987115735 0.03410639190673828
10 96.43173860235827 0.034710044860839846
10 96.7074791510245 0.035011871337890625
10 97.63609139325183 0.03561552429199219
10 98.26901768124873 0.03621917724609375
10 98.53027233314127 0.036521003723144534
10 99.4574614929662 0.03712465667724609
10 100.06544474145905 0.037728309631347656
10 100.29116317621897 0.038030136108398435
10 101.15061900920702 0.0386337890625
10 101.73955508759761 0.039237442016601565
10 101.96221804835903 0.039539268493652344
10 102.91755546247752 0.04014292144775391
10 103.56528249426648 0.040746574401855466
10 103.81974674692009 0.04104840087890625
10 104.58038403472072 0.04165205383300781
10 105.22111478811738 0.042255706787109375
10 105.50869856774379 0.042557533264160154
10 106.30911984028629 0.04316118621826172
10 107.27180459250833 0.04376483917236328
10 107.80875686642266 0.04406666564941406
10 109.23142142699346 0.04467031860351563
11 113.939024866086 0.045273971557617185
11 114.90551337807781 0.04557579803466797
11 116.84113036893841 0.04617945098876953
11 118.95587515623443 0.04678310394287109
11 119.71918847446942 0.04708493041992187
11 121.51919050514707 0.04768858337402344
11 123.09753101323234 0.048292236328125
11 123.46709134690306 0.04859406280517578
11 123.87211151371912 0.049197715759277345
11 124.26131249138928 0.0498013687133789
11 124.51537039592799 0.05010319519042969
11 124.88717129054082 0.05070684814453125
11 125.04584407759623 0.05100867462158203
11 125.38701161379825 0.05161232757568359
11 125.83665961174903 0.052215980529785155
11 126.00421518681966 0.052517807006835934
11 126.29207406678115 0.0531214599609375
11 126.70748872886077 0.053725112915039064
11 126.93478105839745 0.05402693939208984
12 128.12164742250522 0.05463059234619141
12 128.6099922855746 0.055234245300292965
12 128.8495222919833 0.05553607177734375
12 129.27147648444625 0.05613972473144531
12 129.83153409072776 0.056743377685546874
12 130.37167866586032 0.05704520416259765
12 131.18955275003344 0.05764885711669922
12 131.6122406476731 0.05825251007080078
12 131.7714048223695 0.05855433654785156
12 132.23759404354064 0.059157989501953126
12 132.60620217181435 0.05976164245605469
12 132.7440749013385 0.06006346893310547
12 133.00594984017087 0.060667121887207034
12 133.28998644571772 0.06127077484130859
12 133.47560128034345 0.06157260131835938
12 133.8341163390081 0.062176254272460936
12 134.29880582057714 0.0627799072265625
12 134.42480834872228 0.06308173370361328
12 134.6857070972031 0.06368538665771484
12 135.1761388339262 0.06428903961181641
12 135.35350426153363 0.06459086608886719
12 135.59906101393977 0.06519451904296875
12 135.83850997675145 0.06579817199707032
12 135.9439771657728 0.0660999984741211
12 136.35893088092865 0.06670365142822265
12 136.52022961225137 0.06700547790527343
12 136.73885215760004 0.067609130859375
12 136.92850260704182 0.06821278381347656
12 137.01434756304783 0.06851461029052734
12 137.31149968599664 0.0691182632446289
12 137.6253783669801 0.06972191619873047
12 137.74966578688847 0.07002374267578125
12 138.0084098053112 0.07062739562988281
12 138.35421763751978 0.07123104858398438
12 138.51214109391708 0.07153287506103516
12 139.05562692242617 0.07213652801513672
12 139.43031879398453 0.07274018096923827
12 139.55541759342503 0.07304200744628907
12 139.84971188868911 0.07364566040039063
12 140.18134210569303 0.07424931335449218
12 140.38664993146978 0.07455113983154296
12 140.7207819948359 0.07515479278564453
12 141.03519642868582 0.07575844573974609
13 141.3776297092932 0.07606027221679687
13 141.76309014985483 0.07666392517089844
14 142.75519430295412 0.077267578125
14 143.09924077619033 0.07756940460205078
14 144.5146733881364 0.07817305755615235
14 146.08693002650875 0.07877671051025391
14 146.76793288962205 0.07907853698730469
