1.04245    99.9114
1.26447    108.334
1.569    119.859
2.01441    129.982
2.58625    140.961
3.246    143.91
3.93747    149.891
4.94191    153.027
5.99494    150.058
6.94924    147.129
8.05587    135.813
8.92199    159.555
10.5783    187.483
12.9777    207.422
15.5633    234.128
17.8354    253.827
19.3039    411.329
20.8997    464.164
22.3734    483.296
23.6832    437.139
25.3625    292.458
26.8519    216.348
29.4174    141.87
32.9664    100.828
36.1142    70.229
40.0086    58.6204
44.8293    48.9321
54.3964    34.7837
71.4399    40.0693
84.7039    46.1455
101.583    50.034
