1.05447    88.5601
1.33847    99.9775
2.06081    122.381
3.28298    149.819
5.05497    172.658
7.60866    195.005
11.8493    224.738
17.2357    292.159
24.2308    372.213
25.6441    428.528
27.7579    628.02
30.0521    723.08
30.3919    832.38
36.0334    997.936
48.9559    1405.71
68.8212    1902.22
94.585    2236.05
129.994    2628.45
168.801    2908.43
202.428    3349.58
202.428    3349.58
204.95    1002.54
205.086    457.681
209.881    288.244
212.326    221.953
214.851    128.978
305.51    157.848
