0.0
0.5
1.0
1.5
2.0
2.5
3.0
3.5
4.0
4.5
5.0
5.5
6.0
6.5
7.0
7.5
8.0
8.5
8.6
8.7
8.8
8.83
8.84
8.8402
8.84021
8.84022
8.84023
8.84024
8.84025
8.84026
8.84027
8.84028
8.84029
8.8403
8.84031
8.84032
8.84033
8.84034
8.84035
8.84036
8.84037
8.84038
8.84039
8.8404
8.84041
8.84042
8.84043
8.84044
8.84045
8.84046
8.84047
8.84048
8.84049
8.8405
8.84051
8.84052
8.84053
8.84054
8.84055
8.84056
8.84057
8.84058
8.84059
8.8406
8.84061
8.84062
8.84063
8.84064
8.84065
8.84066
8.84067
8.84068
8.84069
8.8407
8.84071
8.84072
8.84073
8.84074
8.84075
8.84076
8.84077
8.84078
8.84079
8.8408
8.84081
8.84082
8.84083
8.84084
8.84085
8.84086
8.84087
8.84088
8.84089
8.8409
8.84091
8.84092
8.84093
8.84094
8.84095
8.84096
8.84097
8.84098
8.84099
8.841
8.84101
8.84102
8.84103
8.84104
8.84105
8.84106
8.84107
8.84108
8.84109
8.8411
8.84111
8.84112
8.84113
8.84114
8.84115
8.84116
8.84117
8.84118
8.84119
8.8412
8.84121
8.84122
8.84123
8.84124
8.84125
8.84126
8.84127
8.84128
8.84129
8.8413
8.84131
8.84132
8.84133
8.84134
8.84135
8.84136
8.84137
8.84138
8.84139
8.8414
8.84141
8.84142
8.84143
8.84144
8.84145
8.84146
8.84147
8.84148
8.84149
8.8415
8.84151
8.84152
8.84153
8.84154
8.84155
8.84156
8.84157
8.84158
8.84159
8.8416
8.84161
8.84162
8.84163
8.84164
8.84165
8.84166
8.84167
8.84168
8.84169
8.8417
8.84171
8.84172
8.84173
8.84174
8.84175
8.84176
8.84177
8.84178
8.84179
8.8418
8.84181
8.84182
8.84183
8.84184
8.84185
8.84186
8.84187
8.84188
8.84189
8.8419
8.84191
8.84192
8.84193
8.84194
8.84195
8.84196
8.84197
8.84198
8.84199
8.842
8.84201
8.84202
8.84203
8.84204
8.84205
8.84206
8.84207
8.84208
8.84209
8.8421
8.84211
8.84212
8.84213
8.84214
8.84215
8.84216
8.84217
8.84218
8.84219
8.8422
8.84221
8.84222
8.84223
8.84224
8.84225
8.84226
8.84227
8.84228
8.84229
8.8423
8.84231
8.84232
8.84233
8.84234
8.84235
8.84236
8.84237
8.84238
8.84239
8.8424
8.84241
8.84242
8.84243
8.84244
8.84245
8.84246
8.84247
8.84248
8.84249
8.8425
8.84251
8.84252
8.84253
8.84254
8.84255
8.84256
8.84257
8.84258
8.84259
8.8426
8.84261
8.84262
8.84263
8.84264
8.84265
8.84266
8.84267
8.84268
8.84269
8.8427
8.84271
8.84272
8.84273
8.84274
8.84275
8.84276
8.84277
8.84278
8.84279
8.8428
8.84281
8.84282
8.84283
8.84284
8.84285
8.84286
8.84287
8.84288
8.84289
8.8429
8.84291
8.84292
8.84293
8.84294
8.84295
8.84296
8.84297
8.84298
8.84299
8.843
8.84301
8.84302
8.84303
8.84304
8.84305
8.84306
8.84307
8.84308
8.84309
8.8431
8.84311
8.84312
8.84313
8.84314
8.84315
8.84316
8.84317
8.84318
8.84319
8.8432
8.84321
8.84322
8.84323
8.84324
8.84325
8.84326
8.84327
8.84328
8.84329
8.8433
8.84331
8.84332
8.84333
8.84334
8.84335
8.84336
8.84337
8.84338
8.84339
8.8434
8.84341
8.84342
8.84343
8.84344
8.84345
8.84346
8.84347
8.84348
8.84349
8.8435
8.84351
8.84352
8.84353
8.84354
8.84355
8.84356
8.84357
8.84358
8.84359
8.8436
8.84361
8.84362
8.84363
8.84364
8.84365
8.84366
8.84367
8.84368
8.84369
8.8437
8.84371
8.84372
8.84373
8.84374
8.84375
8.84376
8.84377
8.84378
8.84379
8.8438
8.84381
8.84382
8.84383
8.84384
8.84385
8.84386
8.84387
8.84388
8.84389
8.8439
8.84391
8.84392
8.84393
8.84394
8.84395
8.84396
8.84397
8.84398
8.84399
8.844
8.84401
8.84402
8.84403
8.84404
8.84405
8.84406
8.84407
8.84408
8.84409
8.8441
8.84411
8.84412
8.84413
8.84414
8.84415
8.84416
8.84417
8.84418
8.84419
8.8442
8.84421
8.84422
8.84423
8.84424
8.84425
8.84426
8.84427
8.84428
8.84429
8.8443
8.84431
8.84432
8.84433
8.84434
8.84435
8.84436
8.84437
8.84438
8.84439
8.8444
8.84441
8.84442
8.84443
8.84444
8.84445
8.84446
8.84447
8.84448
8.84449
8.8445
8.84451
8.84452
8.84453
8.84454
8.84455
8.84456
8.84457
8.84458
8.84459
8.8446
8.84461
8.84462
8.84463
8.84464
8.84465
8.84466
8.84467
8.84468
8.84469
8.8447
8.84471
8.84472
8.84473
8.84474
8.84475
8.84476
8.84477
8.84478
8.84479
8.8448
8.84481
8.84482
8.84483
8.84484
8.84485
8.84486
8.84487
8.84488
8.84489
8.8449
8.84491
8.84492
8.84493
8.84494
8.84495
8.84496
8.84497
8.84498
8.84499
8.845
8.84501
8.84502
8.84503
8.84504
8.84505
8.84506
8.84507
8.84508
8.84509
8.8451
8.84511
8.84512
8.84513
8.84514
8.84515
8.84516
8.84517
8.84518
8.84519
8.8452
8.84521
8.84522
8.84523
8.84524
8.84525
8.84526
8.84527
8.84528
8.84529
8.8453
8.84531
8.84532
8.84533
8.84534
8.84535
8.84536
8.84537
8.84538
8.84539
8.8454
8.84541
8.84542
8.84543
8.84544
8.84545
8.84546
8.84547
8.84548
8.84549
8.8455
8.84551
8.84552
8.84553
8.84554
8.84555
8.84556
8.84557
8.84558
8.84559
8.8456
8.84561
8.84562
8.84563
8.84564
8.84565
8.84566
8.84567
8.84568
8.84569
8.8457
8.84571
8.84572
8.84573
8.84574
8.84575
8.84576
8.84577
8.84578
8.84579
8.8458
8.84581
8.84582
8.84583
8.84584
8.84585
8.84586
8.84587
8.84588
8.84589
8.8459
8.84591
8.84592
8.84593
8.84594
8.84595
8.84596
8.84597
8.84598
8.84599
8.846
8.84601
8.84602
8.84603
8.84604
8.84605
8.84606
8.84607
8.84608
8.84609
8.8461
8.84611
8.84612
8.84613
8.84614
8.84615
8.84616
8.84617
8.84618
8.84619
8.8462
8.84621
8.84622
8.84623
8.84624
8.84625
8.84626
8.84627
8.84628
8.84629
8.8463
8.84631
8.84632
8.84633
8.84634
8.84635
8.84636
8.84637
8.84638
8.84639
8.8464
8.84641
8.84642
8.84643
8.84644
8.84645
8.84646
8.84647
8.84648
8.84649
8.8465
8.84651
8.84652
8.84653
8.84654
8.84655
8.84656
8.84657
8.84658
8.84659
8.8466
8.84661
8.84662
8.84663
8.84664
8.84665
8.84666
8.84667
8.84668
8.84669
8.8467
8.84671
8.84672
8.84673
8.84674
8.84675
8.84676
8.84677
8.84678
8.84679
8.8468
8.84681
8.84682
8.84683
8.84684
8.84685
8.84686
8.84687
8.84688
8.84689
8.8469
8.84691
8.84692
8.84693
8.84694
8.84695
8.84696
8.84697
8.84698
8.84699
8.847
8.84701
8.84702
8.84703
8.84704
8.84705
8.84706
8.84707
8.84708
8.84709
8.8471
8.84711
8.84712
8.84713
8.84714
8.84715
8.84716
8.84717
8.84718
8.84719
8.8472
8.84721
8.84722
8.84723
8.84724
8.84725
8.84726
8.84727
8.84728
8.84729
8.8473
8.84731
8.84732
8.84733
8.84734
8.84735
8.84736
8.84737
8.84738
8.84739
8.8474
8.84741
8.84742
8.84743
8.84744
8.84745
8.84746
8.84747
8.84748
8.84749
8.8475
8.84751
8.84752
8.84753
8.84754
8.84755
8.84756
8.84757
8.84758
8.84759
8.8476
8.84761
8.84762
8.84763
8.84764
8.84765
8.84766
8.84767
8.84768
8.84769
8.8477
8.84771
8.84772
8.84773
8.84774
8.84775
8.84776
8.84777
8.84778
8.84779
8.8478
8.84781
8.84782
8.84783
8.84784
8.84785
8.84786
8.84787
8.84788
8.84789
8.8479
8.84791
8.84792
8.84793
8.84794
8.84795
8.84796
8.84797
8.84798
8.84799
8.848
8.84801
8.84802
8.84803
8.84804
8.84805
8.84806
8.84807
8.84808
8.84809
8.8481
8.84811
8.84812
8.84813
8.84814
8.84815
8.84816
8.84817
8.84818
8.84819
8.8482
8.84821
8.84822
8.84823
8.84824
8.84825
8.84826
8.84827
8.84828
8.84829
8.8483
8.84831
8.84832
8.84833
8.84834
8.84835
8.84836
8.84837
8.84838
8.84839
8.8484
8.84841
8.84842
8.84843
8.84844
8.84845
8.84846
8.84847
8.84848
8.84849
8.8485
8.84851
8.84852
8.84853
8.84854
8.84855
8.84856
8.84857
8.84858
8.84859
8.8486
8.84861
8.84862
8.84863
8.84864
8.84865
8.84866
8.84867
8.84868
8.84869
8.8487
8.84871
8.84872
8.84873
8.84874
8.84875
8.84876
8.84877
8.84878
8.84879
8.8488
8.84881
8.84882
8.84883
8.84884
8.84885
8.84886
8.84887
8.84888
8.84889
8.8489
8.84891
8.84892
8.84893
8.84894
8.84895
8.84896
8.84897
8.84898
8.84899
8.849
8.84901
8.84902
8.84903
8.84904
8.84905
8.84906
8.84907
8.84908
8.84909
8.8491
8.84911
8.84912
8.84913
8.84914
8.84915
8.84916
8.84917
8.84918
8.84919
8.8492
8.84921
8.84922
8.84923
8.84924
8.84925
8.84926
8.84927
8.84928
8.84929
8.8493
8.84931
8.84932
8.84933
8.84934
8.84935
8.84936
8.84937
8.84938
8.84939
8.8494
8.84941
8.84942
8.84943
8.84944
8.84945
8.84946
8.84947
8.84948
8.84949
8.8495
8.84951
8.84952
8.84953
8.84954
8.84955
8.84956
8.84957
8.84958
8.84959
8.8496
8.84961
8.84962
8.84963
8.84964
8.84965
8.84966
8.84967
8.84968
8.84969
8.8497
8.84971
8.84972
8.84973
8.84974
8.84975
8.84976
8.84977
8.84978
8.84979
8.8498
8.84981
8.84982
8.84983
8.84984
8.84985
8.84986
8.84987
8.84988
8.84989
8.8499
8.84991
8.84992
8.84993
8.84994
8.84995
8.84996
8.84997
8.84998
8.84999
8.85
8.85001
8.85002
8.85003
8.85004
8.85005
8.85006
8.85007
8.85008
8.85009
8.8501
8.85011
8.85012
8.85013
8.85014
8.85015
8.85016
8.85017
8.85018
8.85019
8.8502
8.85021
8.85022
8.85023
8.85024
8.85025
8.85026
8.85027
8.85028
8.85029
8.8503
8.85031
8.85032
8.85033
8.85034
8.85035
8.85036
8.85037
8.85038
8.85039
8.8504
8.85041
8.85042
8.85043
8.85044
8.85045
8.85046
8.85047
8.85048
8.85049
8.8505
8.85051
8.85052
8.85053
8.85054
8.85055
8.85056
8.85057
8.85058
8.85059
8.8506
8.85061
8.85062
8.85063
8.85064
8.85065
8.85066
8.85067
8.85068
8.85069
8.8507
8.85071
8.85072
8.85073
8.85074
8.85075
8.85076
8.85077
8.85078
8.85079
8.8508
8.85081
8.85082
8.85083
8.85084
8.85085
8.85086
8.85087
8.85088
8.85089
8.8509
8.85091
8.85092
8.85093
8.85094
8.85095
8.85096
8.85097
8.85098
8.85099
8.851
8.85101
8.85102
8.85103
8.85104
8.85105
8.85106
8.85107
8.85108
8.85109
8.8511
8.85111
8.85112
8.85113
8.85114
8.85115
8.85116
8.85117
8.85118
8.85119
8.8512
8.85121
8.85122
8.85123
8.85124
8.85125
8.85126
8.85127
8.85128
8.85129
8.8513
8.85131
8.85132
8.85133
8.85134
8.85135
8.85136
8.85137
8.85138
8.85139
8.8514
8.85141
8.85142
8.85143
8.85144
8.85145
8.85146
8.85147
8.85148
8.85149
8.8515
8.85151
8.85152
8.85153
8.85154
8.85155
8.85156
8.85157
8.85158
8.85159
8.8516
8.85161
8.85162
8.85163
8.85164
8.85165
8.85166
8.85167
8.85168
8.85169
8.8517
8.85171
8.85172
8.85173
8.85174
8.85175
8.85176
8.85177
8.85178
8.85179
8.8518
8.85181
8.85182
8.85183
8.85184
8.85185
8.85186
8.85187
8.85188
8.85189
8.8519
8.85191
8.85192
8.85193
8.85194
8.85195
8.85196
8.85197
8.85198
8.85199
8.852
8.85201
8.85202
8.85203
8.85204
8.85205
8.85206
8.85207
8.85208
8.85209
8.8521
8.85211
8.85212
8.85213
8.85214
8.85215
8.85216
8.85217
8.85218
8.85219
8.8522
8.85221
8.85222
8.85223
8.85224
8.85225
8.85226
8.85227
8.85228
8.85229
8.8523
8.85231
8.85232
8.85233
8.85234
8.85235
8.85236
8.85237
8.85238
8.85239
8.8524
8.85241
8.85242
8.85243
8.85244
8.85245
8.85246
8.85247
8.85248
8.85249
8.8525
8.85251
8.85252
8.85253
8.85254
8.85255
8.85256
8.85257
8.85258
8.85259
8.8526
8.85261
8.85262
8.85263
8.85264
8.85265
8.85266
8.85267
8.85268
8.85269
8.8527
8.85271
8.85272
8.85273
8.85274
8.85275
8.85276
8.85277
8.85278
8.85279
8.8528
8.85281
8.85282
8.85283
8.85284
8.85285
8.85286
8.85287
8.85288
8.85289
8.8529
8.85291
8.85292
8.85293
8.85294
8.85295
8.85296
8.85297
8.85298
8.85299
8.853
8.85301
8.85302
8.85303
8.85304
8.85305
8.85306
8.85307
8.85308
8.85309
8.8531
8.85311
8.85312
8.85313
8.85314
8.85315
8.85316
8.85317
8.85318
8.85319
8.8532
8.85321
8.85322
8.85323
8.85324
8.85325
8.85326
8.85327
8.85328
8.85329
8.8533
8.85331
8.85332
8.85333
8.85334
8.85335
8.85336
8.85337
8.85338
8.85339
8.8534
8.85341
8.85342
8.85343
8.85344
8.85345
8.85346
8.85347
8.85348
8.85349
8.8535
8.85351
8.85352
8.85353
8.85354
8.85355
8.85356
8.85357
8.85358
8.85359
8.8536
8.85361
8.85362
8.85363
8.85364
8.85365
8.85366
8.85367
8.85368
8.85369
8.8537
8.85371
8.85372
8.85373
8.85374
8.85375
8.85376
8.85377
8.85378
8.85379
8.8538
8.85381
8.85382
8.85383
8.85384
8.85385
8.85386
8.85387
8.85388
8.85389
8.8539
8.85391
8.85392
8.85393
8.85394
8.85395
8.85396
8.85397
8.85398
8.85399
8.854
8.85401
8.85402
8.85403
8.85404
8.85405
8.85406
8.85407
8.85408
8.85409
8.8541
8.85411
8.85412
8.85413
8.85414
8.85415
8.85416
8.85417
8.85418
8.85419
8.8542
8.85421
8.85422
8.85423
8.85424
8.85425
8.85426
8.85427
8.85428
8.85429
8.8543
8.85431
8.85432
8.85433
8.85434
8.85435
8.85436
8.85437
8.85438
8.85439
8.8544
8.85441
8.85442
8.85443
8.85444
8.85445
8.85446
8.85447
8.85448
8.85449
8.8545
8.85451
8.85452
8.85453
8.85454
8.85455
8.85456
8.85457
8.85458
8.85459
8.8546
8.85461
8.85462
8.85463
8.85464
8.85465
8.85466
8.85467
8.85468
8.85469
8.8547
8.85471
8.85472
8.85473
8.85474
8.85475
8.85476
8.85477
8.85478
8.85479
8.8548
8.85481
8.85482
8.85483
8.85484
8.85485
8.85486
8.85487
8.85488
8.85489
8.8549
8.85491
8.85492
8.85493
8.85494
8.85495
8.85496
8.85497
8.85498
8.85499
8.855
8.85501
8.85502
8.85503
8.85504
8.85505
8.85506
8.85507
8.85508
8.85509
8.8551
8.85511
8.85512
8.85513
8.85514
8.85515
8.85516
8.85517
8.85518
8.85519
8.8552
8.85521
8.85522
8.85523
8.85524
8.85525
8.85526
8.85527
8.85528
8.85529
8.8553
8.85531
8.85532
8.85533
8.85534
8.85535
8.85536
8.85537
8.85538
8.85539
8.8554
8.85541
8.85542
8.85543
8.85544
8.85545
8.85546
8.85547
8.85548
8.85549
8.8555
8.85551
8.85552
8.85553
8.85554
8.85555
8.85556
8.85557
8.85558
8.85559
8.8556
8.85561
8.85562
8.85563
8.85564
8.85565
8.85566
8.85567
8.85568
8.85569
8.8557
8.85571
8.85572
8.85573
8.85574
8.85575
8.85576
8.85577
8.85578
8.85579
8.8558
8.85581
8.85582
8.85583
8.85584
8.85585
8.85586
8.85587
8.85588
8.85589
8.8559
8.85591
8.85592
8.85593
8.85594
8.85595
8.85596
8.85597
8.85598
8.85599
8.856
8.85601
8.85602
8.85603
8.85604
8.85605
8.85606
8.85607
8.85608
8.85609
8.8561
8.85611
8.85612
8.85613
8.85614
8.85615
8.85616
8.85617
8.85618
8.85619
8.8562
8.85621
8.85622
8.85623
8.85624
8.85625
8.85626
8.85627
8.85628
8.85629
8.8563
8.85631
8.85632
8.85633
8.85634
8.85635
8.85636
8.85637
8.85638
8.85639
8.8564
8.85641
8.85642
8.85643
8.85644
8.85645
8.85646
8.85647
8.85648
8.85649
8.8565
8.85651
8.85652
8.85653
8.85654
8.85655
8.85656
8.85657
8.85658
8.85659
8.8566
8.85661
8.85662
8.85663
8.85664
8.85665
8.85666
8.85667
8.85668
8.85669
8.8567
8.85671
8.85672
8.85673
8.85674
8.85675
8.85676
8.85677
8.85678
8.85679
8.8568
8.85681
8.85682
8.85683
8.85684
8.85685
8.85686
8.85687
8.85688
8.85689
8.8569
8.85691
8.85692
8.85693
8.85694
8.85695
8.85696
8.85697
8.85698
8.85699
8.857
8.85701
8.85702
8.85703
8.85704
8.85705
8.85706
8.85707
8.85708
8.85709
8.8571
8.85711
8.85712
8.85713
8.85714
8.85715
8.85716
8.85717
8.85718
8.85719
8.8572
8.85721
8.85722
8.85723
8.85724
8.85725
8.85726
8.85727
8.85728
8.85729
8.8573
8.85731
8.85732
8.85733
8.85734
8.85735
8.85736
8.85737
8.85738
8.85739
8.8574
8.85741
8.85742
8.85743
8.85744
8.85745
8.85746
8.85747
8.85748
8.85749
8.8575
8.85751
8.85752
8.85753
8.85754
8.85755
8.85756
8.85757
8.85758
8.85759
8.8576
8.85761
8.85762
8.85763
8.85764
8.85765
8.85766
8.85767
8.85768
8.85769
8.8577
8.85771
8.85772
8.85773
8.85774
8.85775
8.85776
8.85777
8.85778
8.85779
8.8578
8.85781
8.85782
8.85783
8.85784
8.85785
8.85786
8.85787
8.85788
8.85789
8.8579
8.85791
8.85792
8.85793
8.85794
8.85795
8.85796
8.85797
8.85798
8.85799
8.858
8.85801
8.85802
8.85803
8.85804
8.85805
8.85806
8.85807
8.85808
8.85809
8.8581
8.85811
8.85812
8.85813
8.85814
8.85815
8.85816
8.85817
8.85818
8.85819
8.8582
8.85821
8.85822
8.85823
8.85824
8.85825
8.85826
8.85827
8.85828
8.85829
8.8583
8.85831
8.85832
8.85833
8.85834
8.85835
8.85836
8.85837
8.85838
8.85839
8.8584
8.85841
8.85842
8.85843
8.85844
8.85845
8.85846
8.85847
8.85848
8.85849
8.8585
8.85851
8.85852
8.85853
8.85854
8.85855
8.85856
8.85857
8.85858
8.85859
8.8586
8.85861
8.85862
8.85863
8.85864
8.85865
8.85866
8.85867
8.85868
8.85869
8.8587
8.85871
8.85872
8.85873
8.85874
8.85875
8.85876
8.85877
8.85878
8.85879
8.8588
8.85881
8.85882
8.85883
8.85884
8.85885
8.85886
8.85887
8.85888
8.85889
8.8589
8.85891
8.85892
8.85893
8.85894
8.85895
8.85896
8.85897
8.85898
8.85899
8.859
8.85901
8.85902
8.85903
8.85904
8.85905
8.85906
8.85907
8.85908
8.85909
8.8591
8.85911
8.85912
8.85913
8.85914
8.85915
8.85916
8.85917
8.85918
8.85919
8.8592
8.85921
8.85922
8.85923
8.85924
8.85925
8.85926
8.85927
8.85928
8.85929
8.8593
8.85931
8.85932
8.85933
8.85934
8.85935
8.85936
8.85937
8.85938
8.85939
8.8594
8.85941
8.85942
8.85943
8.85944
8.85945
8.85946
8.85947
8.85948
8.85949
8.8595
8.85951
8.85952
8.85953
8.85954
8.85955
8.85956
8.85957
8.85958
8.85959
8.8596
8.85961
8.85962
8.85963
8.85964
8.85965
8.85966
8.85967
8.85968
8.85969
8.8597
8.85971
8.85972
8.85973
8.85974
8.85975
8.85976
8.85977
8.85978
8.85979
8.8598
8.85981
8.85982
8.85983
8.85984
8.85985
8.85986
8.85987
8.85988
8.85989
8.8599
8.85991
8.85992
8.85993
8.85994
8.85995
8.85996
8.85997
8.85998
8.85999
