0.0
0.5
1.0
1.5
2.0
2.5
3.0
3.5
4.0
4.5
5.0
5.5
6.0
6.5
7.0
7.5
8.0
8.5
9.0
9.5
9.6
9.7
9.8
9.9
9.901
9.902
9.9024
9.90241
9.90242
9.90243
9.90244
9.90245
9.90246
9.90247
9.90248
9.90249
9.9025
9.90251
9.90252
9.90253
9.90254
9.90255
9.90256
9.90257
9.90258
9.90259
9.9026
9.90261
9.90262
9.90263
9.90264
9.90265
9.90266
9.90267
9.90268
9.90269
9.9027
9.90271
9.90272
9.90273
9.90274
9.90275
9.90276
9.90277
9.90278
9.90279
9.9028
9.90281
9.90282
9.90283
9.90284
9.90285
9.90286
9.90287
9.90288
9.90289
9.9029
9.90291
9.90292
9.90293
9.90294
9.90295
9.90296
9.90297
9.90298
9.90299
9.903
9.90301
9.90302
9.90303
9.90304
9.90305
9.90306
9.90307
9.90308
9.90309
9.9031
9.90311
9.90312
9.90313
9.90314
9.90315
9.90316
9.90317
9.90318
9.90319
9.9032
9.90321
9.90322
9.90323
9.90324
9.90325
9.90326
9.90327
9.90328
9.90329
9.9033
9.90331
9.90332
9.90333
9.90334
9.90335
9.90336
9.90337
9.90338
9.90339
9.9034
9.90341
9.90342
9.90343
9.90344
9.90345
9.90346
9.90347
9.90348
9.90349
9.9035
9.90351
9.90352
9.90353
9.90354
9.90355
9.90356
9.90357
9.90358
9.90359
9.9036
9.90361
9.90362
9.90363
9.90364
9.90365
9.90366
9.90367
9.90368
9.90369
9.9037
9.90371
9.90372
9.90373
9.90374
9.90375
9.90376
9.90377
9.90378
9.90379
9.9038
9.90381
9.90382
9.90383
9.90384
9.90385
9.90386
9.90387
9.90388
9.90389
9.9039
9.90391
9.90392
9.90393
9.90394
9.90395
9.90396
9.90397
9.90398
9.90399
9.904
9.90401
9.90402
9.90403
9.90404
9.90405
9.90406
9.90407
9.90408
9.90409
9.9041
9.90411
9.90412
9.90413
9.90414
9.90415
9.90416
9.90417
9.90418
9.90419
9.9042
9.90421
9.90422
9.90423
9.90424
9.90425
9.90426
9.90427
9.90428
9.90429
9.9043
9.90431
9.90432
9.90433
9.90434
9.90435
9.90436
9.90437
9.90438
9.90439
9.9044
9.90441
9.90442
9.90443
9.90444
9.90445
9.90446
9.90447
9.90448
9.90449
9.9045
9.90451
9.90452
9.90453
9.90454
9.90455
9.90456
9.90457
9.90458
9.90459
9.9046
9.90461
9.90462
9.90463
9.90464
9.90465
9.90466
9.90467
9.90468
9.90469
9.9047
9.90471
9.90472
9.90473
9.90474
9.90475
9.90476
9.90477
9.90478
9.90479
9.9048
9.90481
9.90482
9.90483
9.90484
9.90485
9.90486
9.90487
9.90488
9.90489
9.9049
9.90491
9.90492
9.90493
9.90494
9.90495
9.90496
9.90497
9.90498
9.90499
9.905
9.90501
9.90502
9.90503
9.90504
9.90505
9.90506
9.90507
9.90508
9.90509
9.9051
9.90511
9.90512
9.90513
9.90514
9.90515
9.90516
9.90517
9.90518
9.90519
9.9052
9.90521
9.90522
9.90523
9.90524
9.90525
9.90526
9.90527
9.90528
9.90529
9.9053
9.90531
9.90532
9.90533
9.90534
9.90535
9.90536
9.90537
9.90538
9.90539
9.9054
9.90541
9.90542
9.90543
9.90544
9.90545
9.90546
9.90547
9.90548
9.90549
9.9055
9.90551
9.90552
9.90553
9.90554
9.90555
9.90556
9.90557
9.90558
9.90559
9.9056
9.90561
9.90562
9.90563
9.90564
9.90565
9.90566
9.90567
9.90568
9.90569
9.9057
9.90571
9.90572
9.90573
9.90574
9.90575
9.90576
9.90577
9.90578
9.90579
9.9058
9.90581
9.90582
9.90583
9.90584
9.90585
9.90586
9.90587
9.90588
9.90589
9.9059
9.90591
9.90592
9.90593
9.90594
9.90595
9.90596
9.90597
9.90598
9.90599
9.906
9.90601
9.90602
9.90603
9.90604
9.90605
9.90606
9.90607
9.90608
9.90609
9.9061
9.90611
9.90612
9.90613
9.90614
9.90615
9.90616
9.90617
9.90618
9.90619
9.9062
9.90621
9.90622
9.90623
9.90624
9.90625
9.90626
9.90627
9.90628
9.90629
9.9063
9.90631
9.90632
9.90633
9.90634
9.90635
9.90636
9.90637
9.90638
9.90639
9.9064
9.90641
9.90642
9.90643
9.90644
9.90645
9.90646
9.90647
9.90648
9.90649
9.9065
9.90651
9.90652
9.90653
9.90654
9.90655
9.90656
9.90657
9.90658
9.90659
9.9066
9.90661
9.90662
9.90663
9.90664
9.90665
9.90666
9.90667
9.90668
9.90669
9.9067
9.90671
9.90672
9.90673
9.90674
9.90675
9.90676
9.90677
9.90678
9.90679
9.9068
9.90681
9.90682
9.90683
9.90684
9.90685
9.90686
9.90687
9.90688
9.90689
9.9069
9.90691
9.90692
9.90693
9.90694
9.90695
9.90696
9.90697
9.90698
9.90699
9.907
9.90701
9.90702
9.90703
9.90704
9.90705
9.90706
9.90707
9.90708
9.90709
9.9071
9.90711
9.90712
9.90713
9.90714
9.90715
9.90716
9.90717
9.90718
9.90719
9.9072
9.90721
9.90722
9.90723
9.90724
9.90725
9.90726
9.90727
9.90728
9.90729
9.9073
9.90731
9.90732
9.90733
9.90734
9.90735
9.90736
9.90737
9.90738
9.90739
9.9074
9.90741
9.90742
9.90743
9.90744
9.90745
9.90746
9.90747
9.90748
9.90749
9.9075
9.90751
9.90752
9.90753
9.90754
9.90755
9.90756
9.90757
9.90758
9.90759
9.9076
9.90761
9.90762
9.90763
9.90764
9.90765
9.90766
9.90767
9.90768
9.90769
9.9077
9.90771
9.90772
9.90773
9.90774
9.90775
9.90776
9.90777
9.90778
9.90779
9.9078
9.90781
9.90782
9.90783
9.90784
9.90785
9.90786
9.90787
9.90788
9.90789
9.9079
9.90791
9.90792
9.90793
9.90794
9.90795
9.90796
9.90797
9.90798
9.90799
9.908
9.90801
9.90802
9.90803
9.90804
9.90805
9.90806
9.90807
9.90808
9.90809
9.9081
9.90811
9.90812
9.90813
9.90814
9.90815
9.90816
9.90817
9.90818
9.90819
9.9082
9.90821
9.90822
9.90823
9.90824
9.90825
9.90826
9.90827
9.90828
9.90829
9.9083
9.90831
9.90832
9.90833
9.90834
9.90835
9.90836
9.90837
9.90838
9.90839
9.9084
9.90841
9.90842
9.90843
9.90844
9.90845
9.90846
9.90847
9.90848
9.90849
9.9085
9.90851
9.90852
9.90853
9.90854
9.90855
9.90856
9.90857
9.90858
9.90859
9.9086
9.90861
9.90862
9.90863
9.90864
9.90865
9.90866
9.90867
9.90868
9.90869
9.9087
9.90871
9.90872
9.90873
9.90874
9.90875
9.90876
9.90877
9.90878
9.90879
9.9088
9.90881
9.90882
9.90883
9.90884
9.90885
9.90886
9.90887
9.90888
9.90889
9.9089
9.90891
9.90892
9.90893
9.90894
9.90895
9.90896
9.90897
9.90898
9.90899
9.909
9.90901
9.90902
9.90903
9.90904
9.90905
9.90906
9.90907
9.90908
9.90909
9.9091
9.90911
9.90912
9.90913
9.90914
9.90915
9.90916
9.90917
9.90918
9.90919
9.9092
9.90921
9.90922
9.90923
9.90924
9.90925
9.90926
9.90927
9.90928
9.90929
9.9093
9.90931
9.90932
9.90933
9.90934
9.90935
9.90936
9.90937
9.90938
9.90939
9.9094
9.90941
9.90942
9.90943
9.90944
9.90945
9.90946
9.90947
9.90948
9.90949
9.9095
9.90951
9.90952
9.90953
9.90954
9.90955
9.90956
9.90957
9.90958
9.90959
9.9096
9.90961
9.90962
9.90963
9.90964
9.90965
9.90966
9.90967
9.90968
9.90969
9.9097
9.90971
9.90972
9.90973
9.90974
9.90975
9.90976
9.90977
9.90978
9.90979
9.9098
9.90981
9.90982
9.90983
9.90984
9.90985
9.90986
9.90987
9.90988
9.90989
9.9099
9.90991
9.90992
9.90993
9.90994
9.90995
9.90996
9.90997
9.90998
9.90999
9.91
9.91001
9.91002
9.91003
9.91004
9.91005
9.91006
9.91007
9.91008
9.91009
9.9101
9.91011
9.91012
9.91013
9.91014
9.91015
9.91016
9.91017
9.91018
9.91019
9.9102
9.91021
9.91022
9.91023
9.91024
9.91025
9.91026
9.91027
9.91028
9.91029
9.9103
9.91031
9.91032
9.91033
9.91034
9.91035
9.91036
9.91037
9.91038
9.91039
9.9104
9.91041
9.91042
9.91043
9.91044
9.91045
9.91046
9.91047
9.91048
9.91049
9.9105
9.91051
9.91052
9.91053
9.91054
9.91055
9.91056
9.91057
9.91058
9.91059
9.9106
9.91061
9.91062
9.91063
9.91064
9.91065
9.91066
9.91067
9.91068
9.91069
9.9107
9.91071
9.91072
9.91073
9.91074
9.91075
9.91076
9.91077
9.91078
9.91079
9.9108
9.91081
9.91082
9.91083
9.91084
9.91085
9.91086
9.91087
9.91088
9.91089
9.9109
9.91091
9.91092
9.91093
9.91094
9.91095
9.91096
9.91097
9.91098
9.91099
9.911
9.91101
9.91102
9.91103
9.91104
9.91105
9.91106
9.91107
9.91108
9.91109
9.9111
9.91111
9.91112
9.91113
9.91114
9.91115
9.91116
9.91117
9.91118
9.91119
9.9112
9.91121
9.91122
9.91123
9.91124
9.91125
9.91126
9.91127
9.91128
9.91129
9.9113
9.91131
9.91132
9.91133
9.91134
9.91135
9.91136
9.91137
9.91138
9.91139
9.9114
9.91141
9.91142
9.91143
9.91144
9.91145
9.91146
9.91147
9.91148
9.91149
9.9115
9.91151
9.91152
9.91153
9.91154
9.91155
9.91156
9.91157
9.91158
9.91159
9.9116
9.91161
9.91162
9.91163
9.91164
9.91165
9.91166
9.91167
9.91168
9.91169
9.9117
9.91171
9.91172
9.91173
9.91174
9.91175
9.91176
9.91177
9.91178
9.91179
9.9118
9.91181
9.91182
9.91183
9.91184
9.91185
9.91186
9.91187
9.91188
9.91189
9.9119
9.91191
9.91192
9.91193
9.91194
9.91195
9.91196
9.91197
9.91198
9.91199
9.912
9.91201
9.91202
9.91203
9.91204
9.91205
9.91206
9.91207
9.91208
9.91209
9.9121
9.91211
9.91212
9.91213
9.91214
9.91215
9.91216
9.91217
9.91218
9.91219
9.9122
9.91221
9.91222
9.91223
9.91224
9.91225
9.91226
9.91227
9.91228
9.91229
9.9123
9.91231
9.91232
9.91233
9.91234
9.91235
9.91236
9.91237
9.91238
9.91239
9.9124
9.91241
9.91242
9.91243
9.91244
9.91245
9.91246
9.91247
9.91248
9.91249
9.9125
9.91251
9.91252
9.91253
9.91254
9.91255
9.91256
9.91257
9.91258
9.91259
9.9126
9.91261
9.91262
9.91263
9.91264
9.91265
9.91266
9.91267
9.91268
9.91269
9.9127
9.91271
9.91272
9.91273
9.91274
9.91275
9.91276
9.91277
9.91278
9.91279
9.9128
9.91281
9.91282
9.91283
9.91284
9.91285
9.91286
9.91287
9.91288
9.91289
9.9129
9.91291
9.91292
9.91293
9.91294
9.91295
9.91296
9.91297
9.91298
9.91299
9.913
9.91301
9.91302
9.91303
9.91304
9.91305
9.91306
9.91307
9.91308
9.91309
9.9131
9.91311
9.91312
9.91313
9.91314
9.91315
9.91316
9.91317
9.91318
9.91319
9.9132
9.91321
9.91322
9.91323
9.91324
9.91325
9.91326
9.91327
9.91328
9.91329
9.9133
9.91331
9.91332
9.91333
9.91334
9.91335
9.91336
9.91337
9.91338
9.91339
9.9134
9.91341
9.91342
9.91343
9.91344
9.91345
9.91346
9.91347
9.91348
9.91349
9.9135
9.91351
9.91352
9.91353
9.91354
9.91355
9.91356
9.91357
9.91358
9.91359
9.9136
9.91361
9.91362
9.91363
9.91364
9.91365
9.91366
9.91367
9.91368
9.91369
9.9137
9.91371
9.91372
9.91373
9.91374
9.91375
9.91376
9.91377
9.91378
9.91379
9.9138
9.91381
9.91382
9.91383
9.91384
9.91385
9.91386
9.91387
9.91388
9.91389
9.9139
9.91391
9.91392
9.91393
9.91394
9.91395
9.91396
9.91397
9.91398
9.91399
9.914
9.91401
9.91402
9.91403
9.91404
9.91405
9.91406
9.91407
9.91408
9.91409
9.9141
9.91411
9.91412
9.91413
9.91414
9.91415
9.91416
9.91417
9.91418
9.91419
9.9142
9.91421
9.91422
9.91423
9.91424
9.91425
9.91426
9.91427
9.91428
9.91429
9.9143
9.91431
9.91432
9.91433
9.91434
9.91435
9.91436
9.91437
9.91438
9.91439
9.9144
9.91441
9.91442
9.91443
9.91444
9.91445
9.91446
9.91447
9.91448
9.91449
9.9145
9.91451
9.91452
9.91453
9.91454
9.91455
9.91456
9.91457
9.91458
9.91459
9.9146
9.91461
9.91462
9.91463
9.91464
9.91465
9.91466
9.91467
9.91468
9.91469
9.9147
9.91471
9.91472
9.91473
9.91474
9.91475
9.91476
9.91477
9.91478
9.91479
9.9148
9.91481
9.91482
9.91483
9.91484
9.91485
9.91486
9.91487
9.91488
9.91489
9.9149
9.91491
9.91492
9.91493
9.91494
9.91495
9.91496
9.91497
9.91498
9.91499
9.915
9.91501
9.91502
9.91503
9.91504
9.91505
9.91506
9.91507
9.91508
9.91509
9.9151
9.91511
9.91512
9.91513
9.91514
9.91515
9.91516
9.91517
9.91518
9.91519
9.9152
9.91521
9.91522
9.91523
9.91524
9.91525
9.91526
9.91527
9.91528
9.91529
9.9153
9.91531
9.91532
9.91533
9.91534
9.91535
9.91536
9.91537
9.91538
9.91539
9.9154
9.91541
9.91542
9.91543
9.91544
9.91545
9.91546
9.91547
9.91548
9.91549
9.9155
9.91551
9.91552
9.91553
9.91554
9.91555
9.91556
9.91557
9.91558
9.91559
9.9156
9.91561
9.91562
9.91563
9.91564
9.91565
9.91566
9.91567
9.91568
9.91569
9.9157
9.91571
9.91572
9.91573
9.91574
9.91575
9.91576
9.91577
9.91578
9.91579
9.9158
9.91581
9.91582
9.91583
9.91584
9.91585
9.91586
9.91587
9.91588
9.91589
9.9159
9.91591
9.91592
9.91593
9.91594
9.91595
9.91596
9.91597
9.91598
9.91599
9.916
9.91601
9.91602
9.91603
9.91604
9.91605
9.91606
9.91607
9.91608
9.91609
9.9161
9.91611
9.91612
9.91613
9.91614
9.91615
9.91616
9.91617
9.91618
9.91619
9.9162
9.91621
9.91622
9.91623
9.91624
9.91625
9.91626
9.91627
9.91628
9.91629
9.9163
9.91631
9.91632
9.91633
9.91634
9.91635
9.91636
9.91637
9.91638
9.91639
9.9164
9.91641
9.91642
9.91643
9.91644
9.91645
9.91646
9.91647
9.91648
9.91649
9.9165
9.91651
9.91652
9.91653
9.91654
9.91655
9.91656
9.91657
9.91658
9.91659
9.9166
9.91661
9.91662
9.91663
9.91664
9.91665
9.91666
9.91667
9.91668
9.91669
9.9167
9.91671
9.91672
9.91673
9.91674
9.91675
9.91676
9.91677
9.91678
9.91679
9.9168
9.91681
9.91682
9.91683
9.91684
9.91685
9.91686
9.91687
9.91688
9.91689
9.9169
9.91691
9.91692
9.91693
9.91694
9.91695
9.91696
9.91697
9.91698
9.91699
9.917
9.91701
9.91702
9.91703
9.91704
9.91705
9.91706
9.91707
9.91708
9.91709
9.9171
9.91711
9.91712
9.91713
9.91714
9.91715
9.91716
9.91717
9.91718
9.91719
9.9172
9.91721
9.91722
9.91723
9.91724
9.91725
9.91726
9.91727
9.91728
9.91729
9.9173
9.91731
9.91732
9.91733
9.91734
9.91735
9.91736
9.91737
9.91738
9.91739
9.9174
9.91741
9.91742
9.91743
9.91744
9.91745
9.91746
9.91747
9.91748
9.91749
9.9175
9.91751
9.91752
9.91753
9.91754
9.91755
9.91756
9.91757
9.91758
9.91759
9.9176
9.91761
9.91762
9.91763
9.91764
9.91765
9.91766
9.91767
9.91768
9.91769
9.9177
9.91771
9.91772
9.91773
9.91774
9.91775
9.91776
9.91777
9.91778
9.91779
9.9178
9.91781
9.91782
9.91783
9.91784
9.91785
9.91786
9.91787
9.91788
9.91789
9.9179
9.91791
9.91792
9.91793
9.91794
9.91795
9.91796
9.91797
9.91798
9.91799
9.918
9.91801
9.91802
9.91803
9.91804
9.91805
9.91806
9.91807
9.91808
9.91809
9.9181
9.91811
9.91812
9.91813
9.91814
9.91815
9.91816
9.91817
9.91818
9.91819
9.9182
9.91821
9.91822
9.91823
9.91824
9.91825
9.91826
9.91827
9.91828
9.91829
9.9183
9.91831
9.91832
9.91833
9.91834
9.91835
9.91836
9.91837
9.91838
9.91839
9.9184
9.91841
9.91842
9.91843
9.91844
9.91845
9.91846
9.91847
9.91848
9.91849
9.9185
9.91851
9.91852
9.91853
9.91854
9.91855
9.91856
9.91857
9.91858
9.91859
9.9186
9.91861
9.91862
9.91863
9.91864
9.91865
9.91866
9.91867
9.91868
9.91869
9.9187
9.91871
9.91872
9.91873
9.91874
9.91875
9.91876
9.91877
9.91878
9.91879
9.9188
9.91881
9.91882
9.91883
9.91884
9.91885
9.91886
9.91887
9.91888
9.91889
9.9189
9.91891
9.91892
9.91893
9.91894
9.91895
9.91896
9.91897
9.91898
9.91899
9.919
9.91901
9.91902
9.91903
9.91904
9.91905
9.91906
9.91907
9.91908
9.91909
9.9191
9.91911
9.91912
9.91913
9.91914
9.91915
9.91916
9.91917
9.91918
9.91919
9.9192
9.91921
9.91922
9.91923
9.91924
9.91925
9.91926
9.91927
9.91928
9.91929
9.9193
9.91931
9.91932
9.91933
9.91934
9.91935
9.91936
9.91937
9.91938
9.91939
9.9194
9.91941
9.91942
9.91943
9.91944
9.91945
9.91946
9.91947
9.91948
9.91949
9.9195
9.91951
9.91952
9.91953
9.91954
9.91955
9.91956
9.91957
9.91958
9.91959
9.9196
9.91961
9.91962
9.91963
9.91964
9.91965
9.91966
9.91967
9.91968
9.91969
9.9197
9.91971
9.91972
9.91973
9.91974
9.91975
9.91976
9.91977
9.91978
9.91979
9.9198
9.91981
9.91982
9.91983
9.91984
9.91985
9.91986
9.91987
9.91988
9.91989
9.9199
9.91991
9.91992
9.91993
9.91994
9.91995
9.91996
9.91997
9.91998
9.91999
9.92
9.92001
9.92002
9.92003
9.92004
9.92005
9.92006
9.92007
9.92008
9.92009
9.9201
9.92011
9.92012
9.92013
9.92014
9.92015
9.92016
9.92017
9.92018
9.92019
9.9202
9.92021
9.92022
9.92023
9.92024
9.92025
9.92026
9.92027
9.92028
9.92029
9.9203
9.92031
9.92032
9.92033
9.92034
9.92035
9.92036
9.92037
9.92038
9.92039
9.9204
9.92041
9.92042
9.92043
9.92044
9.92045
9.92046
9.92047
9.92048
9.92049
9.9205
9.92051
9.92052
9.92053
9.92054
9.92055
9.92056
9.92057
9.92058
9.92059
9.9206
9.92061
9.92062
9.92063
9.92064
9.92065
9.92066
9.92067
9.92068
9.92069
9.9207
9.92071
9.92072
9.92073
9.92074
9.92075
9.92076
9.92077
9.92078
9.92079
9.9208
9.92081
9.92082
9.92083
9.92084
9.92085
9.92086
9.92087
9.92088
9.92089
9.9209
9.92091
9.92092
9.92093
9.92094
9.92095
9.92096
9.92097
9.92098
9.92099
9.921
9.92101
9.92102
9.92103
9.92104
9.92105
9.92106
9.92107
9.92108
9.92109
9.9211
9.92111
9.92112
9.92113
9.92114
9.92115
9.92116
9.92117
9.92118
9.92119
9.9212
9.92121
9.92122
9.92123
9.92124
9.92125
9.92126
9.92127
9.92128
9.92129
9.9213
9.92131
9.92132
9.92133
9.92134
9.92135
9.92136
9.92137
9.92138
9.92139
9.9214
9.92141
9.92142
9.92143
9.92144
9.92145
9.92146
9.92147
9.92148
9.92149
9.9215
9.92151
9.92152
9.92153
9.92154
9.92155
9.92156
9.92157
9.92158
9.92159
9.9216
9.92161
9.92162
9.92163
9.92164
9.92165
9.92166
9.92167
9.92168
9.92169
9.9217
9.92171
9.92172
9.92173
9.92174
9.92175
9.92176
9.92177
9.92178
9.92179
9.9218
9.92181
9.92182
9.92183
9.92184
9.92185
9.92186
9.92187
9.92188
9.92189
9.9219
9.92191
9.92192
9.92193
9.92194
9.92195
9.92196
9.92197
9.92198
9.92199
9.922
9.92201
9.92202
9.92203
9.92204
9.92205
9.92206
9.92207
9.92208
9.92209
9.9221
9.92211
9.92212
9.92213
9.92214
9.92215
9.92216
9.92217
9.92218
9.92219
9.9222
9.92221
9.92222
9.92223
9.92224
9.92225
9.92226
9.92227
9.92228
9.92229
9.9223
9.92231
9.92232
9.92233
9.92234
9.92235
9.92236
9.92237
9.92238
9.92239
9.9224
9.92241
9.92242
9.92243
9.92244
9.92245
9.92246
9.92247
9.92248
9.92249
9.9225
9.92251
9.92252
9.92253
9.92254
9.92255
9.92256
9.92257
9.92258
9.92259
9.9226
9.92261
9.92262
9.92263
9.92264
9.92265
9.92266
9.92267
9.92268
9.92269
9.9227
9.92271
9.92272
9.92273
9.92274
9.92275
9.92276
9.92277
9.92278
9.92279
9.9228
9.92281
9.92282
9.92283
9.92284
9.92285
9.92286
9.92287
9.92288
9.92289
9.9229
9.92291
9.92292
9.92293
9.92294
9.92295
9.92296
9.92297
9.92298
9.92299
9.923
9.92301
9.92302
9.92303
9.92304
9.92305
9.92306
9.92307
9.92308
9.92309
9.9231
9.92311
9.92312
9.92313
9.92314
9.92315
9.92316
9.92317
9.92318
9.92319
9.9232
9.92321
9.92322
9.92323
9.92324
9.92325
9.92326
9.92327
9.92328
9.92329
9.9233
9.92331
9.92332
9.92333
9.92334
9.92335
9.92336
9.92337
9.92338
9.92339
9.9234
9.92341
9.92342
9.92343
9.92344
9.92345
9.92346
9.92347
9.92348
9.92349
9.9235
9.92351
9.92352
9.92353
9.92354
9.92355
9.92356
9.92357
9.92358
9.92359
9.9236
9.92361
9.92362
9.92363
9.92364
9.92365
9.92366
9.92367
9.92368
9.92369
9.9237
9.92371
9.92372
9.92373
9.92374
9.92375
9.92376
9.92377
9.92378
9.92379
9.9238
9.92381
9.92382
9.92383
9.92384
9.92385
9.92386
9.92387
9.92388
9.92389
9.9239
9.92391
9.92392
9.92393
9.92394
9.92395
9.92396
9.92397
9.92398
9.92399
9.924
9.92401
9.92402
9.92403
9.92404
9.92405
9.92406
9.92407
9.92408
9.92409
9.9241
9.92411
9.92412
9.92413
9.92414
9.92415
9.92416
9.92417
9.92418
9.92419
9.9242
9.92421
9.92422
9.92423
9.92424
9.92425
9.92426
9.92427
9.92428
9.92429
9.9243
9.92431
9.92432
9.92433
9.92434
9.92435
9.92436
9.92437
9.92438
9.92439
9.9244
9.92441
9.92442
9.92443
9.92444
9.92445
9.92446
9.92447
9.92448
9.92449
9.9245
9.92451
9.92452
9.92453
9.92454
9.92455
9.92456
9.92457
9.92458
9.92459
9.9246
9.92461
9.92462
9.92463
9.92464
9.92465
9.92466
9.92467
9.92468
9.92469
9.9247
9.92471
9.92472
9.92473
9.92474
9.92475
9.92476
9.92477
9.92478
9.92479
9.9248
9.92481
9.92482
9.92483
9.92484
9.92485
9.92486
9.92487
9.92488
9.92489
9.9249
9.92491
9.92492
9.92493
9.92494
9.92495
9.92496
9.92497
9.92498
9.92499
9.925
