0.0
0.5
1.0
1.5
2.0
2.5
3.0
3.5
4.0
4.5
5.0
5.5
6.0
6.5
7.0
7.5
8.0
8.5
8.7
8.8
8.9
9.0
9.1
9.2
9.25
9.255
9.256
9.257
9.258
9.25805
9.2581
9.25815
9.2582
9.25825
9.2583
9.25835
9.2584
9.25845
9.2585
9.25855
9.2586
9.25865
9.2587
9.25875
9.2588
9.25885
9.2589
9.25892
9.25893
9.25894
9.25895
9.25896
9.25897
9.25898
9.25899
9.259
9.25901
9.25902
9.25903
9.25904
9.25905
9.25906
9.25907
9.25908
9.25909
9.2591
9.25911
9.25912
9.25913
9.25914
9.25915
9.25916
9.25917
9.25918
9.25919
9.2592
9.25921
9.25922
9.25923
9.25924
9.25925
9.25926
9.25927
9.25928
9.25929
9.2593
9.25931
9.25932
9.25933
9.25934
9.25935
9.25936
9.25937
9.25938
9.25939
9.2594
9.25941
9.25942
9.25943
9.25944
9.25945
9.25946
9.25947
9.25948
9.25949
9.2595
9.25951
9.25952
9.25953
9.25954
9.25955
9.25956
9.25957
9.25958
9.25959
9.2596
9.25961
9.25962
9.25963
9.25964
9.25965
9.25966
9.25967
9.25968
9.25969
9.2597
9.25971
9.25972
9.25973
9.25974
9.25975
9.25976
9.25977
9.25978
9.25979
9.2598
9.25981
9.25982
9.25983
9.25984
9.25985
9.25986
9.25987
9.25988
9.25989
9.2599
9.25991
9.25992
9.25993
9.25994
9.25995
9.25996
9.25997
9.25998
9.25999
9.26
9.26001
9.26002
9.26003
9.26004
9.26005
9.26006
9.26007
9.26008
9.26009
9.2601
9.26011
9.26012
9.26013
9.26014
9.26015
9.26016
9.26017
9.26018
9.26019
9.2602
9.26021
9.26022
9.26023
9.26024
9.26025
9.26026
9.26027
9.26028
9.26029
9.2603
9.26031
9.26032
9.26033
9.26034
9.26035
9.26036
9.26037
9.26038
9.26039
9.2604
9.26041
9.26042
9.26043
9.26044
9.26045
9.26046
9.26047
9.26048
9.26049
9.2605
9.26051
9.26052
9.26053
9.26054
9.26055
9.26056
9.26057
9.26058
9.26059
9.2606
9.26061
9.26062
9.26063
9.26064
9.26065
9.26066
9.26067
9.26068
9.26069
9.2607
9.26071
9.26072
9.26073
9.26074
9.26075
9.26076
9.26077
9.26078
9.26079
9.2608
9.26081
9.26082
9.26083
9.26084
9.26085
9.26086
9.26087
9.26088
9.26089
9.2609
9.26091
9.26092
9.26093
9.26094
9.26095
9.26096
9.26097
9.26098
9.26099
9.261
9.26101
9.26102
9.26103
9.26104
9.26105
9.26106
9.26107
9.26108
9.26109
9.2611
9.26111
9.26112
9.26113
9.26114
9.26115
9.26116
9.26117
9.26118
9.26119
9.2612
9.26121
9.26122
9.26123
9.26124
9.26125
9.26126
9.26127
9.26128
9.26129
9.2613
9.26131
9.26132
9.26133
9.26134
9.26135
9.26136
9.26137
9.26138
9.26139
9.2614
9.26141
9.26142
9.26143
9.26144
9.26145
9.26146
9.26147
9.26148
9.26149
9.2615
9.26151
9.26152
9.26153
9.26154
9.26155
9.26156
9.26157
9.26158
9.26159
9.2616
9.26161
9.26162
9.26163
9.26164
9.26165
9.26166
9.26167
9.26168
9.26169
9.2617
9.26171
9.26172
9.26173
9.26174
9.26175
9.26176
9.26177
9.26178
9.26179
9.2618
9.26181
9.26182
9.26183
9.26184
9.26185
9.26186
9.26187
9.26188
9.26189
9.2619
9.26191
9.26192
9.26193
9.26194
9.26195
9.26196
9.26197
9.26198
9.26199
9.262
9.26201
9.26202
9.26203
9.26204
9.26205
9.26206
9.26207
9.26208
9.26209
9.2621
9.26211
9.26212
9.26213
9.26214
9.26215
9.26216
9.26217
9.26218
9.26219
9.2622
9.26221
9.26222
9.26223
9.26224
9.26225
9.26226
9.26227
9.26228
9.26229
9.2623
9.26231
9.26232
9.26233
9.26234
9.26235
9.26236
9.26237
9.26238
9.26239
9.2624
9.26241
9.26242
9.26243
9.26244
9.26245
9.26246
9.26247
9.26248
9.26249
9.2625
9.26251
9.26252
9.26253
9.26254
9.26255
9.26256
9.26257
9.26258
9.26259
9.2626
9.26261
9.26262
9.26263
9.26264
9.26265
9.26266
9.26267
9.26268
9.26269
9.2627
9.26271
9.26272
9.26273
9.26274
9.26275
9.26276
9.26277
9.26278
9.26279
9.2628
9.26281
9.26282
9.26283
9.26284
9.26285
9.26286
9.26287
9.26288
9.26289
9.2629
9.26291
9.26292
9.26293
9.26294
9.26295
9.26296
9.26297
9.26298
9.26299
9.263
9.26301
9.26302
9.26303
9.26304
9.26305
9.26306
9.26307
9.26308
9.26309
9.2631
9.26311
9.26312
9.26313
9.26314
9.26315
9.26316
9.26317
9.26318
9.26319
9.2632
9.26321
9.26322
9.26323
9.26324
9.26325
9.26326
9.26327
9.26328
9.26329
9.2633
9.26331
9.26332
9.26333
9.26334
9.26335
9.26336
9.26337
9.26338
9.26339
9.2634
9.26341
9.26342
9.26343
9.26344
9.26345
9.26346
9.26347
9.26348
9.26349
9.2635
9.26351
9.26352
9.26353
9.26354
9.26355
9.26356
9.26357
9.26358
9.26359
9.2636
9.26361
9.26362
9.26363
9.26364
9.26365
9.26366
9.26367
9.26368
9.26369
9.2637
9.26371
9.26372
9.26373
9.26374
9.26375
9.26376
9.26377
9.26378
9.26379
9.2638
9.26381
9.26382
9.26383
9.26384
9.26385
9.26386
9.26387
9.26388
9.26389
9.2639
9.26391
9.26392
9.26393
9.26394
9.26395
9.26396
9.26397
9.26398
9.26399
9.264
9.26401
9.26402
9.26403
9.26404
9.26405
9.26406
9.26407
9.26408
9.26409
9.2641
9.26411
9.26412
9.26413
9.26414
9.26415
9.26416
9.26417
9.26418
9.26419
9.2642
9.26421
9.26422
9.26423
9.26424
9.26425
9.26426
9.26427
9.26428
9.26429
9.2643
9.26431
9.26432
9.26433
9.26434
9.26435
9.26436
9.26437
9.26438
9.26439
9.2644
9.26441
9.26442
9.26443
9.26444
9.26445
9.26446
9.26447
9.26448
9.26449
9.2645
9.26451
9.26452
9.26453
9.26454
9.26455
9.26456
9.26457
9.26458
9.26459
9.2646
9.26461
9.26462
9.26463
9.26464
9.26465
9.26466
9.26467
9.26468
9.26469
9.2647
9.26471
9.26472
9.26473
9.26474
9.26475
9.26476
9.26477
9.26478
9.26479
9.2648
9.26481
9.26482
9.26483
9.26484
9.26485
9.26486
9.26487
9.26488
9.26489
9.2649
9.26491
9.26492
9.26493
9.26494
9.26495
9.26496
9.26497
9.26498
9.26499
9.265
9.26501
9.26502
9.26503
9.26504
9.26505
9.26506
9.26507
9.26508
9.26509
9.2651
9.26511
9.26512
9.26513
9.26514
9.26515
9.26516
9.26517
9.26518
9.26519
9.2652
9.26521
9.26522
9.26523
9.26524
9.26525
9.26526
9.26527
9.26528
9.26529
9.2653
9.26531
9.26532
9.26533
9.26534
9.26535
9.26536
9.26537
9.26538
9.26539
9.2654
9.26541
9.26542
9.26543
9.26544
9.26545
9.26546
9.26547
9.26548
9.26549
9.2655
9.26551
9.26552
9.26553
9.26554
9.26555
9.26556
9.26557
9.26558
9.26559
9.2656
9.26561
9.26562
9.26563
9.26564
9.26565
9.26566
9.26567
9.26568
9.26569
9.2657
9.26571
9.26572
9.26573
9.26574
9.26575
9.26576
9.26577
9.26578
9.26579
9.2658
9.26581
9.26582
9.26583
9.26584
9.26585
9.26586
9.26587
9.26588
9.26589
9.2659
9.26591
9.26592
9.26593
9.26594
9.26595
9.26596
9.26597
9.26598
9.26599
9.266
9.26601
9.26602
9.26603
9.26604
9.26605
9.26606
9.26607
9.26608
9.26609
9.2661
9.26611
9.26612
9.26613
9.26614
9.26615
9.26616
9.26617
9.26618
9.26619
9.2662
9.26621
9.26622
9.26623
9.26624
9.26625
9.26626
9.26627
9.26628
9.26629
9.2663
9.26631
9.26632
9.26633
9.26634
9.26635
9.26636
9.26637
9.26638
9.26639
9.2664
9.26641
9.26642
9.26643
9.26644
9.26645
9.26646
9.26647
9.26648
9.26649
9.2665
9.26651
9.26652
9.26653
9.26654
9.26655
9.26656
9.26657
9.26658
9.26659
9.2666
9.26661
9.26662
9.26663
9.26664
9.26665
9.26666
9.26667
9.26668
9.26669
9.2667
9.26671
9.26672
9.26673
9.26674
9.26675
9.26676
9.26677
9.26678
9.26679
9.2668
9.26681
9.26682
9.26683
9.26684
9.26685
9.26686
9.26687
9.26688
9.26689
9.2669
9.26691
9.26692
9.26693
9.26694
9.26695
9.26696
9.26697
9.26698
9.26699
9.267
9.26701
9.26702
9.26703
9.26704
9.26705
9.26706
9.26707
9.26708
9.26709
9.2671
9.26711
9.26712
9.26713
9.26714
9.26715
9.26716
9.26717
9.26718
9.26719
9.2672
9.26721
9.26722
9.26723
9.26724
9.26725
9.26726
9.26727
9.26728
9.26729
9.2673
9.26731
9.26732
9.26733
9.26734
9.26735
9.26736
9.26737
9.26738
9.26739
9.2674
9.26741
9.26742
9.26743
9.26744
9.26745
9.26746
9.26747
9.26748
9.26749
9.2675
9.26751
9.26752
9.26753
9.26754
9.26755
9.26756
9.26757
9.26758
9.26759
9.2676
9.26761
9.26762
9.26763
9.26764
9.26765
9.26766
9.26767
9.26768
9.26769
9.2677
9.26771
9.26772
9.26773
9.26774
9.26775
9.26776
9.26777
9.26778
9.26779
9.2678
9.26781
9.26782
9.26783
9.26784
9.26785
9.26786
9.26787
9.26788
9.26789
9.2679
9.26791
9.26792
9.26793
9.26794
9.26795
9.26796
9.26797
9.26798
9.26799
9.268
9.26801
9.26802
9.26803
9.26804
9.26805
9.26806
9.26807
9.26808
9.26809
9.2681
9.26811
9.26812
9.26813
9.26814
9.26815
9.26816
9.26817
9.26818
9.26819
9.2682
9.26821
9.26822
9.26823
9.26824
9.26825
9.26826
9.26827
9.26828
9.26829
9.2683
9.26831
9.26832
9.26833
9.26834
9.26835
9.26836
9.26837
9.26838
9.26839
9.2684
9.26841
9.26842
9.26843
9.26844
9.26845
9.26846
9.26847
9.26848
9.26849
9.2685
9.26851
9.26852
9.26853
9.26854
9.26855
9.26856
9.26857
9.26858
9.26859
9.2686
9.26861
9.26862
9.26863
9.26864
9.26865
9.26866
9.26867
9.26868
9.26869
9.2687
9.26871
9.26872
9.26873
9.26874
9.26875
9.26876
9.26877
9.26878
9.26879
9.2688
9.26881
9.26882
9.26883
9.26884
9.26885
9.26886
9.26887
9.26888
9.26889
9.2689
9.26891
9.26892
9.26893
9.26894
9.26895
9.26896
9.26897
9.26898
9.26899
9.269
9.26901
9.26902
9.26903
9.26904
9.26905
9.26906
9.26907
9.26908
9.26909
9.2691
9.26911
9.26912
9.26913
9.26914
9.26915
9.26916
9.26917
9.26918
9.26919
9.2692
9.26921
9.26922
9.26923
9.26924
9.26925
9.26926
9.26927
9.26928
9.26929
9.2693
9.26931
9.26932
9.26933
9.26934
9.26935
9.26936
9.26937
9.26938
9.26939
9.2694
9.26941
9.26942
9.26943
9.26944
9.26945
9.26946
9.26947
9.26948
9.26949
9.2695
9.26951
9.26952
9.26953
9.26954
9.26955
9.26956
9.26957
9.26958
9.26959
9.2696
9.26961
9.26962
9.26963
9.26964
9.26965
9.26966
9.26967
9.26968
9.26969
9.2697
9.26971
9.26972
9.26973
9.26974
9.26975
9.26976
9.26977
9.26978
9.26979
9.2698
9.26981
9.26982
9.26983
9.26984
9.26985
9.26986
9.26987
9.26988
9.26989
9.2699
9.26991
9.26992
9.26993
9.26994
9.26995
9.26996
9.26997
9.26998
9.26999
9.27
9.27001
9.27002
9.27003
9.27004
9.27005
9.27006
9.27007
9.27008
9.27009
9.2701
9.27011
9.27012
9.27013
9.27014
9.27015
9.27016
9.27017
9.27018
9.27019
9.2702
9.27021
9.27022
9.27023
9.27024
9.27025
9.27026
9.27027
9.27028
9.27029
9.2703
9.27031
9.27032
9.27033
9.27034
9.27035
9.27036
9.27037
9.27038
9.27039
9.2704
9.27041
9.27042
9.27043
9.27044
9.27045
9.27046
9.27047
9.27048
9.27049
9.2705
9.27051
9.27052
9.27053
9.27054
9.27055
9.27056
9.27057
9.27058
9.27059
9.2706
9.27061
9.27062
9.27063
9.27064
9.27065
9.27066
9.27067
9.27068
9.27069
9.2707
9.27071
9.27072
9.27073
9.27074
9.27075
9.27076
9.27077
9.27078
9.27079
9.2708
9.27081
9.27082
9.27083
9.27084
9.27085
9.27086
9.27087
9.27088
9.27089
9.2709
9.27091
9.27092
9.27093
9.27094
9.27095
9.27096
9.27097
9.27098
9.27099
9.271
9.27101
9.27102
9.27103
9.27104
9.27105
9.27106
9.27107
9.27108
9.27109
9.2711
9.27111
9.27112
9.27113
9.27114
9.27115
9.27116
9.27117
9.27118
9.27119
9.2712
9.27121
9.27122
9.27123
9.27124
9.27125
9.27126
9.27127
9.27128
9.27129
9.2713
9.27131
9.27132
9.27133
9.27134
9.27135
9.27136
9.27137
9.27138
9.27139
9.2714
9.27141
9.27142
9.27143
9.27144
9.27145
9.27146
9.27147
9.27148
9.27149
9.2715
9.27151
9.27152
9.27153
9.27154
9.27155
9.27156
9.27157
9.27158
9.27159
9.2716
9.27161
9.27162
9.27163
9.27164
9.27165
9.27166
9.27167
9.27168
9.27169
9.2717
9.27171
9.27172
9.27173
9.27174
9.27175
9.27176
9.27177
9.27178
9.27179
9.2718
9.27181
9.27182
9.27183
9.27184
9.27185
9.27186
9.27187
9.27188
9.27189
9.2719
9.27191
9.27192
9.27193
9.27194
9.27195
9.27196
9.27197
9.27198
9.27199
9.272
9.27201
9.27202
9.27203
9.27204
9.27205
9.27206
9.27207
9.27208
9.27209
9.2721
9.27211
9.27212
9.27213
9.27214
9.27215
9.27216
9.27217
9.27218
9.27219
9.2722
9.27221
9.27222
9.27223
9.27224
9.27225
9.27226
9.27227
9.27228
9.27229
9.2723
9.27231
9.27232
9.27233
9.27234
9.27235
9.27236
9.27237
9.27238
9.27239
9.2724
9.27241
9.27242
9.27243
9.27244
9.27245
9.27246
9.27247
9.27248
9.27249
9.2725
9.27251
9.27252
9.27253
9.27254
9.27255
9.27256
9.27257
9.27258
9.27259
9.2726
9.27261
9.27262
9.27263
9.27264
9.27265
9.27266
9.27267
9.27268
9.27269
9.2727
9.27271
9.27272
9.27273
9.27274
9.27275
9.27276
9.27277
9.27278
9.27279
9.2728
9.27281
9.27282
9.27283
9.27284
9.27285
9.27286
9.27287
9.27288
9.27289
9.2729
9.27291
9.27292
9.27293
9.27294
9.27295
9.27296
9.27297
9.27298
9.27299
9.273
9.27301
9.27302
9.27303
9.27304
9.27305
9.27306
9.27307
9.27308
9.27309
9.2731
9.27311
9.27312
9.27313
9.27314
9.27315
9.27316
9.27317
9.27318
9.27319
9.2732
9.27321
9.27322
9.27323
9.27324
9.27325
9.27326
9.27327
9.27328
9.27329
9.2733
9.27331
9.27332
9.27333
9.27334
9.27335
9.27336
9.27337
9.27338
9.27339
9.2734
9.27341
9.27342
9.27343
9.27344
9.27345
9.27346
9.27347
9.27348
9.27349
9.2735
9.27351
9.27352
9.27353
9.27354
9.27355
9.27356
9.27357
9.27358
9.27359
9.2736
9.27361
9.27362
9.27363
9.27364
9.27365
9.27366
9.27367
9.27368
9.27369
9.2737
9.27371
9.27372
9.27373
9.27374
9.27375
9.27376
9.27377
9.27378
9.27379
9.2738
9.27381
9.27382
9.27383
9.27384
9.27385
9.27386
9.27387
9.27388
9.27389
9.2739
9.27391
9.27392
9.27393
9.27394
9.27395
9.27396
9.27397
9.27398
9.27399
9.274
9.27401
9.27402
9.27403
9.27404
9.27405
9.27406
9.27407
9.27408
9.27409
9.2741
9.27411
9.27412
9.27413
9.27414
9.27415
9.27416
9.27417
9.27418
9.27419
9.2742
9.27421
9.27422
9.27423
9.27424
9.27425
9.27426
9.27427
9.27428
9.27429
9.2743
9.27431
9.27432
9.27433
9.27434
9.27435
9.27436
9.27437
9.27438
9.27439
9.2744
9.27441
9.27442
9.27443
9.27444
9.27445
9.27446
9.27447
9.27448
9.27449
9.2745
9.27451
9.27452
9.27453
9.27454
9.27455
9.27456
9.27457
9.27458
9.27459
9.2746
9.27461
9.27462
9.27463
9.27464
9.27465
9.27466
9.27467
9.27468
9.27469
9.2747
9.27471
9.27472
9.27473
9.27474
9.27475
9.27476
9.27477
9.27478
9.27479
9.2748
9.27481
9.27482
9.27483
9.27484
9.27485
9.27486
9.27487
9.27488
9.27489
9.2749
9.27491
9.27492
9.27493
9.27494
9.27495
9.27496
9.27497
9.27498
9.27499
9.275
9.27501
9.27502
9.27503
9.27504
9.27505
9.27506
9.27507
9.27508
9.27509
9.2751
9.27511
9.27512
9.27513
9.27514
9.27515
9.27516
9.27517
9.27518
9.27519
9.2752
9.27521
9.27522
9.27523
9.27524
9.27525
9.27526
9.27527
9.27528
9.27529
9.2753
9.27531
9.27532
9.27533
9.27534
9.27535
9.27536
9.27537
9.27538
9.27539
9.2754
9.27541
9.27542
9.27543
9.27544
9.27545
9.27546
9.27547
9.27548
9.27549
9.2755
9.27551
9.27552
9.27553
9.27554
9.27555
9.27556
9.27557
9.27558
9.27559
9.2756
9.27561
9.27562
9.27563
9.27564
9.27565
9.27566
9.27567
9.27568
9.27569
9.2757
9.27571
9.27572
9.27573
9.27574
9.27575
9.27576
9.27577
9.27578
9.27579
9.2758
9.27581
9.27582
9.27583
9.27584
9.27585
9.27586
9.27587
9.27588
9.27589
9.2759
9.27591
9.27592
9.27593
9.27594
9.27595
9.27596
9.27597
9.27598
9.27599
9.276
9.27601
9.27602
9.27603
9.27604
9.27605
9.27606
9.27607
9.27608
9.27609
9.2761
9.27611
9.27612
9.27613
9.27614
9.27615
9.27616
9.27617
9.27618
9.27619
9.2762
9.27621
9.27622
9.27623
9.27624
9.27625
9.27626
9.27627
9.27628
9.27629
9.2763
9.27631
9.27632
9.27633
9.27634
9.27635
9.27636
9.27637
9.27638
9.27639
9.2764
9.27641
9.27642
9.27643
9.27644
9.27645
9.27646
9.27647
9.27648
9.27649
9.2765
9.27651
9.27652
9.27653
9.27654
9.27655
9.27656
9.27657
9.27658
9.27659
9.2766
9.27661
9.27662
9.27663
9.27664
9.27665
9.27666
9.27667
9.27668
9.27669
9.2767
9.27671
9.27672
9.27673
9.27674
9.27675
9.27676
9.27677
9.27678
9.27679
9.2768
9.27681
9.27682
9.27683
9.27684
9.27685
9.27686
9.27687
9.27688
9.27689
9.2769
9.27691
9.27692
9.27693
9.27694
9.27695
9.27696
9.27697
9.27698
9.27699
9.277
9.27701
9.27702
9.27703
9.27704
9.27705
9.27706
9.27707
9.27708
9.27709
9.2771
9.27711
9.27712
9.27713
9.27714
9.27715
9.27716
9.27717
9.27718
9.27719
9.2772
9.27721
9.27722
9.27723
9.27724
9.27725
9.27726
9.27727
9.27728
9.27729
9.2773
9.27731
9.27732
9.27733
9.27734
9.27735
9.27736
9.27737
9.27738
9.27739
9.2774
9.27741
9.27742
9.27743
9.27744
9.27745
9.27746
9.27747
9.27748
9.27749
9.2775
9.27751
9.27752
9.27753
9.27754
9.27755
9.27756
9.27757
9.27758
9.27759
9.2776
9.27761
9.27762
9.27763
9.27764
9.27765
9.27766
9.27767
9.27768
9.27769
9.2777
9.27771
9.27772
9.27773
9.27774
9.27775
9.27776
9.27777
9.27778
9.27779
9.2778
9.27781
9.27782
9.27783
9.27784
9.27785
9.27786
9.27787
9.27788
9.27789
9.2779
9.27791
9.27792
9.27793
9.27794
9.27795
9.27796
9.27797
9.27798
9.27799
9.278
9.27801
9.27802
9.27803
9.27804
9.27805
9.27806
9.27807
9.27808
9.27809
9.2781
9.27811
9.27812
9.27813
9.27814
9.27815
9.27816
9.27817
9.27818
9.27819
9.2782
9.27821
9.27822
9.27823
9.27824
9.27825
9.27826
9.27827
9.27828
9.27829
9.2783
9.27831
9.27832
9.27833
9.27834
9.27835
9.27836
9.27837
9.27838
9.27839
9.2784
9.27841
9.27842
9.27843
9.27844
9.27845
9.27846
9.27847
9.27848
9.27849
9.2785
9.27851
9.27852
9.27853
9.27854
9.27855
9.27856
9.27857
9.27858
9.27859
9.2786
9.27861
9.27862
9.27863
9.27864
9.27865
9.27866
9.27867
9.27868
9.27869
9.2787
9.27871
9.27872
9.27873
9.27874
9.27875
9.27876
9.27877
9.27878
9.27879
9.2788
9.27881
9.27882
9.27883
9.27884
9.27885
9.27886
9.27887
9.27888
9.27889
9.2789
9.27891
9.27892
9.27893
9.27894
9.27895
9.27896
9.27897
9.27898
9.27899
9.279
9.27901
9.27902
9.27903
9.27904
9.27905
9.27906
9.27907
9.27908
9.27909
9.2791
9.27911
9.27912
9.27913
9.27914
9.27915
9.27916
9.27917
9.27918
9.27919
9.2792
9.27921
9.27922
9.27923
9.27924
9.27925
9.27926
9.27927
9.27928
9.27929
9.2793
9.27931
9.27932
9.27933
9.27934
9.27935
9.27936
9.27937
9.27938
9.27939
9.2794
9.27941
9.27942
9.27943
9.27944
9.27945
9.27946
9.27947
9.27948
9.27949
9.2795
9.27951
9.27952
9.27953
9.27954
9.27955
9.27956
9.27957
9.27958
9.27959
9.2796
9.27961
9.27962
9.27963
9.27964
9.27965
9.27966
9.27967
9.27968
9.27969
9.2797
9.27971
9.27972
9.27973
9.27974
9.27975
9.27976
9.27977
9.27978
9.27979
9.2798
9.27981
9.27982
9.27983
9.27984
9.27985
9.27986
9.27987
9.27988
9.27989
9.2799
9.27991
9.27992
9.27993
9.27994
9.27995
9.27996
9.27997
9.27998
9.27999
