0.0
0.5
1.0
1.5
2.0
2.5
3.0
3.5
4.0
4.5
5.0
5.5
6.0
6.5
7.0
7.5
8.0
8.5
9.0
9.5
9.51
9.52
9.53
9.54
9.5422
9.5444
9.54445
9.5445
9.54455
9.5446
9.54465
9.5447
9.54475
9.5448
9.54485
9.5449
9.54495
9.545
9.54505
9.5451
9.54515
9.5452
9.54525
9.5453
9.54535
9.5454
9.54545
9.5455
9.54555
9.5456
9.54565
9.5457
9.54575
9.5458
9.54585
9.5459
9.54595
9.546
9.54605
9.5461
9.54615
9.5462
9.54625
9.5463
9.54635
9.5464
9.54645
9.5465
9.54655
9.5466
9.54665
9.5467
9.54675
9.5468
9.54685
9.5469
9.54695
9.547
9.54705
9.5471
9.54715
9.5472
9.54725
9.5473
9.54735
9.5474
9.54745
9.5475
9.54755
9.5476
9.54765
9.5477
9.54775
9.5478
9.54785
9.5479
9.54795
9.548
9.54805
9.5481
9.54815
9.5482
9.54825
9.5483
9.54835
9.5484
9.54845
9.5485
9.54855
9.5486
9.54865
9.5487
9.54875
9.5488
9.54885
9.5489
9.54895
9.549
9.54905
9.5491
9.54915
9.5492
9.54925
9.5493
9.54935
9.5494
9.54945
9.5495
9.54955
9.5496
9.54965
9.5497
9.54975
9.5498
9.54985
9.5499
9.54995
9.55
9.55005
9.5501
9.55015
9.5502
9.55025
9.5503
9.55035
9.5504
9.55045
9.5505
9.55055
9.5506
9.55065
9.5507
9.55075
9.5508
9.55085
9.5509
9.55095
9.551
9.55105
9.5511
9.55115
9.5512
9.55125
9.5513
9.55135
9.5514
9.55145
9.5515
9.55155
9.5516
9.55165
9.5517
9.55175
9.5518
9.55185
9.5519
9.55195
9.552
9.55205
9.5521
9.55215
9.5522
9.55225
9.5523
9.55235
9.5524
9.55245
9.5525
9.55255
9.5526
9.55265
9.5527
9.55275
9.5528
9.55285
9.5529
9.55295
9.553
9.55305
9.5531
9.55315
9.5532
9.55325
9.5533
9.55335
9.5534
9.55345
9.5535
9.55355
9.5536
9.55365
9.5537
9.55375
9.5538
9.55385
9.5539
9.55395
9.554
9.55405
9.5541
9.55415
9.5542
9.55425
9.5543
9.55435
9.5544
9.55445
9.5545
9.55455
9.5546
9.55465
9.5547
9.55475
9.5548
9.55485
9.5549
9.55495
9.555
9.55505
9.5551
9.55515
9.5552
9.55525
9.5553
9.55535
9.5554
9.55545
9.5555
9.55555
9.5556
9.55565
9.5557
9.55575
9.5558
9.55585
9.5559
9.55595
9.556
9.55605
9.5561
9.55615
9.5562
9.55625
9.5563
9.55635
9.5564
9.55645
9.5565
9.55655
9.5566
9.55665
9.5567
9.55675
9.5568
9.55685
9.5569
9.55695
9.557
9.55705
9.5571
9.55715
9.5572
9.55725
9.5573
9.55735
9.5574
9.55745
9.5575
9.55755
9.5576
9.55765
9.5577
9.55775
9.5578
9.55785
9.5579
9.55795
9.558
9.55805
9.5581
9.55815
9.5582
9.55825
9.5583
9.55835
9.5584
9.55845
9.5585
9.55855
9.5586
9.55865
9.5587
9.55875
9.5588
9.55885
9.5589
9.55895
9.559
9.55905
9.5591
9.55915
9.5592
9.55925
9.5593
9.55935
9.5594
9.55945
9.5595
9.55955
9.5596
9.55965
9.5597
9.55975
9.5598
9.55985
9.5599
9.55995
9.56
9.56005
9.5601
9.56015
9.5602
9.56025
9.5603
9.56035
9.5604
9.56045
9.5605
9.56055
9.5606
9.56065
9.5607
9.56075
9.5608
9.56085
9.5609
9.56095
9.561
9.56105
9.5611
9.56115
9.5612
9.56125
9.5613
9.56135
9.5614
9.56145
9.5615
9.56155
9.5616
9.56165
9.5617
9.56175
9.5618
9.56185
9.5619
9.56195
9.562
9.56205
9.5621
9.56215
9.5622
9.56225
9.5623
9.56235
9.5624
9.56245
9.5625
9.56255
9.5626
9.56265
9.5627
9.56275
9.5628
9.56285
9.5629
9.56295
9.563
9.56305
9.5631
9.56315
9.5632
9.56325
9.5633
9.56335
9.5634
9.56345
9.5635
9.56355
9.5636
9.56365
9.5637
9.56375
9.5638
9.56385
9.5639
9.56395
9.564
9.56405
9.5641
9.56415
9.5642
9.56425
9.5643
9.56435
9.5644
9.56445
9.5645
9.56455
9.5646
9.56465
9.5647
9.56475
9.5648
9.56485
9.5649
9.56495
9.565
9.56505
9.5651
9.56515
9.5652
9.56525
9.5653
9.56535
9.5654
9.56545
9.5655
9.56555
9.5656
9.56565
9.5657
9.56575
9.5658
9.56585
9.5659
9.56595
9.566
9.56605
9.5661
9.56615
9.5662
9.56625
9.5663
9.56635
9.5664
9.56645
9.5665
9.56655
9.5666
9.56665
9.5667
9.56675
9.5668
9.56685
9.5669
9.56695
9.567
9.56705
9.5671
9.56715
9.5672
9.56725
9.5673
9.56735
9.5674
9.56745
9.5675
9.56755
9.5676
9.56765
9.5677
9.56775
9.5678
9.56785
9.5679
9.56795
9.568
9.56805
9.5681
9.56815
9.5682
9.56825
9.5683
9.56835
9.5684
9.56845
9.5685
9.56855
9.5686
9.56865
9.5687
9.56875
9.5688
9.56885
9.5689
9.56895
9.569
9.56905
9.5691
9.56915
9.5692
9.56925
9.5693
9.56935
9.5694
9.56945
9.5695
9.56955
9.5696
9.56965
9.5697
9.56975
9.5698
9.56985
9.5699
9.56995
9.57
9.57005
9.5701
9.57015
9.5702
9.57025
9.5703
9.57035
9.5704
9.57045
9.5705
9.57055
9.5706
9.57065
9.5707
9.57075
9.5708
9.57085
9.5709
9.57095
9.571
9.57105
9.5711
9.57115
9.5712
9.57125
9.5713
9.57135
9.5714
9.57145
9.5715
9.57155
9.5716
9.57165
9.5717
9.57175
9.5718
9.57185
9.5719
9.57195
9.572
9.57205
9.5721
9.57215
9.5722
9.57225
9.5723
9.57235
9.5724
9.57245
9.5725
9.57255
9.5726
9.57265
9.5727
9.57275
9.5728
9.57285
9.5729
9.57295
9.573
9.57305
9.5731
9.57315
9.5732
9.57325
9.5733
9.57335
9.5734
9.57345
9.5735
9.57355
9.5736
9.57365
9.5737
9.57375
9.5738
9.57385
9.5739
9.57395
9.574
9.57405
9.5741
9.57415
9.5742
9.57425
9.5743
9.57435
9.5744
9.57445
9.5745
9.57455
9.5746
9.57465
9.5747
9.57475
9.5748
9.57485
9.5749
9.57495
9.575
9.57505
9.5751
9.57515
9.5752
9.57525
9.5753
9.57535
9.5754
9.57545
9.5755
9.57555
9.5756
9.57565
9.5757
9.57575
9.5758
9.57585
9.5759
9.57595
9.576
9.57605
9.5761
9.57615
9.5762
9.57625
9.5763
9.57635
9.5764
9.57645
9.5765
9.57655
9.5766
9.57665
9.5767
9.57675
9.5768
9.57685
9.5769
9.57695
9.577
9.57705
9.5771
9.57715
9.5772
9.57725
9.5773
9.57735
9.5774
9.57745
9.5775
9.57755
9.5776
9.57765
9.5777
9.57775
9.5778
9.57785
9.5779
9.57795
9.578
9.57805
9.5781
9.57815
9.5782
9.57825
9.5783
9.57835
9.5784
9.57845
9.5785
9.57855
9.5786
9.57865
9.5787
9.57875
9.5788
9.57885
9.5789
9.57895
9.579
9.57905
9.5791
9.57915
9.5792
9.57925
9.5793
9.57935
9.5794
9.57945
9.5795
9.57955
9.5796
9.57965
9.5797
9.57975
9.5798
9.57985
9.5799
9.57995
9.58
9.58005
9.5801
9.58015
9.5802
9.58025
9.5803
9.58035
9.5804
9.58045
9.5805
9.58055
9.5806
9.58065
9.5807
9.58075
9.5808
9.58085
9.5809
9.58095
9.581
9.58105
9.5811
9.58115
9.5812
9.58125
9.5813
9.58135
