0.0
0.5
1.0
1.5
2.0
2.5
3.0
3.5
4.0
4.5
5.0
5.5
6.0
6.5
7.0
7.5
8.0
8.5
9.0
9.5
9.51
9.52
9.53
9.54
9.5422
9.5444
9.54445
9.5445
9.54451
9.54452
9.54453
9.54454
9.54455
9.54456
9.54457
9.54458
9.54459
9.5446
9.54461
9.54462
9.54463
9.54464
9.54465
9.54466
9.54467
9.54468
9.54469
9.5447
9.54471
9.54472
9.54473
9.54474
9.54475
9.54476
9.54477
9.54478
9.54479
9.5448
9.54481
9.54482
9.54483
9.54484
9.54485
9.54486
9.54487
9.54488
9.54489
9.5449
9.54491
9.54492
9.54493
9.54494
9.54495
9.54496
9.54497
9.54498
9.54499
9.545
9.54501
9.54502
9.54503
9.54504
9.54505
9.54506
9.54507
9.54508
9.54509
9.5451
9.54511
9.54512
9.54513
9.54514
9.54515
9.54516
9.54517
9.54518
9.54519
9.5452
9.54521
9.54522
9.54523
9.54524
9.54525
9.54526
9.54527
9.54528
9.54529
9.5453
9.54531
9.54532
9.54533
9.54534
9.54535
9.54536
9.54537
9.54538
9.54539
9.5454
9.54541
9.54542
9.54543
9.54544
9.54545
9.54546
9.54547
9.54548
9.54549
9.5455
9.54551
9.54552
9.54553
9.54554
9.54555
9.54556
9.54557
9.54558
9.54559
9.5456
9.54561
9.54562
9.54563
9.54564
9.54565
9.54566
9.54567
9.54568
9.54569
9.5457
9.54571
9.54572
9.54573
9.54574
9.54575
9.54576
9.54577
9.54578
9.54579
9.5458
9.54581
9.54582
9.54583
9.54584
9.54585
9.54586
9.54587
9.54588
9.54589
9.5459
9.54591
9.54592
9.54593
9.54594
9.54595
9.54596
9.54597
9.54598
9.54599
9.546
9.54601
9.54602
9.54603
9.54604
9.54605
9.54606
9.54607
9.54608
9.54609
9.5461
9.54611
9.54612
9.54613
9.54614
9.54615
9.54616
9.54617
9.54618
9.54619
9.5462
9.54621
9.54622
9.54623
9.54624
9.54625
9.54626
9.54627
9.54628
9.54629
9.5463
9.54631
9.54632
9.54633
9.54634
9.54635
9.54636
9.54637
9.54638
9.54639
9.5464
9.54641
9.54642
9.54643
9.54644
9.54645
9.54646
9.54647
9.54648
9.54649
9.5465
9.54651
9.54652
9.54653
9.54654
9.54655
9.54656
9.54657
9.54658
9.54659
9.5466
9.54661
9.54662
9.54663
9.54664
9.54665
9.54666
9.54667
9.54668
9.54669
9.5467
9.54671
9.54672
9.54673
9.54674
9.54675
9.54676
9.54677
9.54678
9.54679
9.5468
9.54681
9.54682
9.54683
9.54684
9.54685
9.54686
9.54687
9.54688
9.54689
9.5469
9.54691
9.54692
9.54693
9.54694
9.54695
9.54696
9.54697
9.54698
9.54699
9.547
9.54701
9.54702
9.54703
9.54704
9.54705
9.54706
9.54707
9.54708
9.54709
9.5471
9.54711
9.54712
9.54713
9.54714
9.54715
9.54716
9.54717
9.54718
9.54719
9.5472
9.54721
9.54722
9.54723
9.54724
9.54725
9.54726
9.54727
9.54728
9.54729
9.5473
9.54731
9.54732
9.54733
9.54734
9.54735
9.54736
9.54737
9.54738
9.54739
9.5474
9.54741
9.54742
9.54743
9.54744
9.54745
9.54746
9.54747
9.54748
9.54749
9.5475
9.54751
9.54752
9.54753
9.54754
9.54755
9.54756
9.54757
9.54758
9.54759
9.5476
9.54761
9.54762
9.54763
9.54764
9.54765
9.54766
9.54767
9.54768
9.54769
9.5477
9.54771
9.54772
9.54773
9.54774
9.54775
9.54776
9.54777
9.54778
9.54779
9.5478
9.54781
9.54782
9.54783
9.54784
9.54785
9.54786
9.54787
9.54788
9.54789
9.5479
9.54791
9.54792
9.54793
9.54794
9.54795
9.54796
9.54797
9.54798
9.54799
9.548
9.54801
9.54802
9.54803
9.54804
9.54805
9.54806
9.54807
9.54808
9.54809
9.5481
9.54811
9.54812
9.54813
9.54814
9.54815
9.54816
9.54817
9.54818
9.54819
9.5482
9.54821
9.54822
9.54823
9.54824
9.54825
9.54826
9.54827
9.54828
9.54829
9.5483
9.54831
9.54832
9.54833
9.54834
9.54835
9.54836
9.54837
9.54838
9.54839
9.5484
9.54841
9.54842
9.54843
9.54844
9.54845
9.54846
9.54847
9.54848
9.54849
9.5485
9.54851
9.54852
9.54853
9.54854
9.54855
9.54856
9.54857
9.54858
9.54859
9.5486
9.54861
9.54862
9.54863
9.54864
9.54865
9.54866
9.54867
9.54868
9.54869
9.5487
9.54871
9.54872
9.54873
9.54874
9.54875
9.54876
9.54877
9.54878
9.54879
9.5488
9.54881
9.54882
9.54883
9.54884
9.54885
9.54886
9.54887
9.54888
9.54889
9.5489
9.54891
9.54892
9.54893
9.54894
9.54895
9.54896
9.54897
9.54898
9.54899
9.549
9.54901
9.54902
9.54903
9.54904
9.54905
9.54906
9.54907
9.54908
9.54909
9.5491
9.54911
9.54912
9.54913
9.54914
9.54915
9.54916
9.54917
9.54918
9.54919
9.5492
9.54921
9.54922
9.54923
9.54924
9.54925
9.54926
9.54927
9.54928
9.54929
9.5493
9.54931
9.54932
9.54933
9.54934
9.54935
9.54936
9.54937
9.54938
9.54939
9.5494
9.54941
9.54942
9.54943
9.54944
9.54945
9.54946
9.54947
9.54948
9.54949
9.5495
9.54951
9.54952
9.54953
9.54954
9.54955
9.54956
9.54957
9.54958
9.54959
9.5496
9.54961
9.54962
9.54963
9.54964
9.54965
9.54966
9.54967
9.54968
9.54969
9.5497
9.54971
9.54972
9.54973
9.54974
9.54975
9.54976
9.54977
9.54978
9.54979
9.5498
9.54981
9.54982
9.54983
9.54984
9.54985
9.54986
9.54987
9.54988
9.54989
9.5499
9.54991
9.54992
9.54993
9.54994
9.54995
9.54996
9.54997
9.54998
9.54999
9.55
9.55001
9.55002
9.55003
9.55004
9.55005
9.55006
9.55007
9.55008
9.55009
9.5501
9.55011
9.55012
9.55013
9.55014
9.55015
9.55016
9.55017
9.55018
9.55019
9.5502
9.55021
9.55022
9.55023
9.55024
9.55025
9.55026
9.55027
9.55028
9.55029
9.5503
9.55031
9.55032
9.55033
9.55034
9.55035
9.55036
9.55037
9.55038
9.55039
9.5504
9.55041
9.55042
9.55043
9.55044
9.55045
9.55046
9.55047
9.55048
9.55049
9.5505
9.55051
9.55052
9.55053
9.55054
9.55055
9.55056
9.55057
9.55058
9.55059
9.5506
9.55061
9.55062
9.55063
9.55064
9.55065
9.55066
9.55067
9.55068
9.55069
9.5507
9.55071
9.55072
9.55073
9.55074
9.55075
9.55076
9.55077
9.55078
9.55079
9.5508
9.55081
9.55082
9.55083
9.55084
9.55085
9.55086
9.55087
9.55088
9.55089
9.5509
9.55091
9.55092
9.55093
9.55094
9.55095
9.55096
9.55097
9.55098
9.55099
9.551
9.55101
9.55102
9.55103
9.55104
9.55105
9.55106
9.55107
9.55108
9.55109
9.5511
9.55111
9.55112
9.55113
9.55114
9.55115
9.55116
9.55117
9.55118
9.55119
9.5512
9.55121
9.55122
9.55123
9.55124
9.55125
9.55126
9.55127
9.55128
9.55129
9.5513
9.55131
9.55132
9.55133
9.55134
9.55135
9.55136
9.55137
9.55138
9.55139
9.5514
9.55141
9.55142
9.55143
9.55144
9.55145
9.55146
9.55147
9.55148
9.55149
9.5515
9.55151
9.55152
9.55153
9.55154
9.55155
9.55156
9.55157
9.55158
9.55159
9.5516
9.55161
9.55162
9.55163
9.55164
9.55165
9.55166
9.55167
9.55168
9.55169
9.5517
9.55171
9.55172
9.55173
9.55174
9.55175
9.55176
9.55177
9.55178
9.55179
9.5518
9.55181
9.55182
9.55183
9.55184
9.55185
9.55186
9.55187
9.55188
9.55189
9.5519
9.55191
9.55192
9.55193
9.55194
9.55195
9.55196
9.55197
9.55198
9.55199
9.552
9.55201
9.55202
9.55203
9.55204
9.55205
9.55206
9.55207
9.55208
9.55209
9.5521
9.55211
9.55212
9.55213
9.55214
9.55215
9.55216
9.55217
9.55218
9.55219
9.5522
9.55221
9.55222
9.55223
9.55224
9.55225
9.55226
9.55227
9.55228
9.55229
9.5523
9.55231
9.55232
9.55233
9.55234
9.55235
9.55236
9.55237
9.55238
9.55239
9.5524
9.55241
9.55242
9.55243
9.55244
9.55245
9.55246
9.55247
9.55248
9.55249
9.5525
9.55251
9.55252
9.55253
9.55254
9.55255
9.55256
9.55257
9.55258
9.55259
9.5526
9.55261
9.55262
9.55263
9.55264
9.55265
9.55266
9.55267
9.55268
9.55269
9.5527
9.55271
9.55272
9.55273
9.55274
9.55275
9.55276
9.55277
9.55278
9.55279
9.5528
9.55281
9.55282
9.55283
9.55284
9.55285
9.55286
9.55287
9.55288
9.55289
9.5529
9.55291
9.55292
9.55293
9.55294
9.55295
9.55296
9.55297
9.55298
9.55299
9.553
9.55301
9.55302
9.55303
9.55304
9.55305
9.55306
9.55307
9.55308
9.55309
9.5531
9.55311
9.55312
9.55313
9.55314
9.55315
9.55316
9.55317
9.55318
9.55319
9.5532
9.55321
9.55322
9.55323
9.55324
9.55325
9.55326
9.55327
9.55328
9.55329
9.5533
9.55331
9.55332
9.55333
9.55334
9.55335
9.55336
9.55337
9.55338
9.55339
9.5534
9.55341
9.55342
9.55343
9.55344
9.55345
9.55346
9.55347
9.55348
9.55349
9.5535
9.55351
9.55352
9.55353
9.55354
9.55355
9.55356
9.55357
9.55358
9.55359
9.5536
9.55361
9.55362
9.55363
9.55364
9.55365
9.55366
9.55367
9.55368
9.55369
9.5537
9.55371
9.55372
9.55373
9.55374
9.55375
9.55376
9.55377
9.55378
9.55379
9.5538
9.55381
9.55382
9.55383
9.55384
9.55385
9.55386
9.55387
9.55388
9.55389
9.5539
9.55391
9.55392
9.55393
9.55394
9.55395
9.55396
9.55397
9.55398
9.55399
9.554
9.55401
9.55402
9.55403
9.55404
9.55405
9.55406
9.55407
9.55408
9.55409
9.5541
9.55411
9.55412
9.55413
9.55414
9.55415
9.55416
9.55417
9.55418
9.55419
9.5542
9.55421
9.55422
9.55423
9.55424
9.55425
9.55426
9.55427
9.55428
9.55429
9.5543
9.55431
9.55432
9.55433
9.55434
9.55435
9.55436
9.55437
9.55438
9.55439
9.5544
9.55441
9.55442
9.55443
9.55444
9.55445
9.55446
9.55447
9.55448
9.55449
9.5545
9.55451
9.55452
9.55453
9.55454
9.55455
9.55456
9.55457
9.55458
9.55459
9.5546
9.55461
9.55462
9.55463
9.55464
9.55465
9.55466
9.55467
9.55468
9.55469
9.5547
9.55471
9.55472
9.55473
9.55474
9.55475
9.55476
9.55477
9.55478
9.55479
9.5548
9.55481
9.55482
9.55483
9.55484
9.55485
9.55486
9.55487
9.55488
9.55489
9.5549
9.55491
9.55492
9.55493
9.55494
9.55495
9.55496
9.55497
9.55498
9.55499
9.555
9.55501
9.55502
9.55503
9.55504
9.55505
9.55506
9.55507
9.55508
9.55509
9.5551
9.55511
9.55512
9.55513
9.55514
9.55515
9.55516
9.55517
9.55518
9.55519
9.5552
9.55521
9.55522
9.55523
9.55524
9.55525
9.55526
9.55527
9.55528
9.55529
9.5553
9.55531
9.55532
9.55533
9.55534
9.55535
9.55536
9.55537
9.55538
9.55539
9.5554
9.55541
9.55542
9.55543
9.55544
9.55545
9.55546
9.55547
9.55548
9.55549
9.5555
9.55551
9.55552
9.55553
9.55554
9.55555
9.55556
9.55557
9.55558
9.55559
9.5556
9.55561
9.55562
9.55563
9.55564
9.55565
9.55566
9.55567
9.55568
9.55569
9.5557
9.55571
9.55572
9.55573
9.55574
9.55575
9.55576
9.55577
9.55578
9.55579
9.5558
9.55581
9.55582
9.55583
9.55584
9.55585
9.55586
9.55587
9.55588
9.55589
9.5559
9.55591
9.55592
9.55593
9.55594
9.55595
9.55596
9.55597
9.55598
9.55599
9.556
9.55601
9.55602
9.55603
9.55604
9.55605
9.55606
9.55607
9.55608
9.55609
9.5561
9.55611
9.55612
9.55613
9.55614
9.55615
9.55616
9.55617
9.55618
9.55619
9.5562
9.55621
9.55622
9.55623
9.55624
9.55625
9.55626
9.55627
9.55628
9.55629
9.5563
9.55631
9.55632
9.55633
9.55634
9.55635
9.55636
9.55637
9.55638
9.55639
9.5564
9.55641
9.55642
9.55643
9.55644
9.55645
9.55646
9.55647
9.55648
9.55649
9.5565
9.55651
9.55652
9.55653
9.55654
9.55655
9.55656
9.55657
9.55658
9.55659
9.5566
9.55661
9.55662
9.55663
9.55664
9.55665
9.55666
9.55667
9.55668
9.55669
9.5567
9.55671
9.55672
9.55673
9.55674
9.55675
9.55676
9.55677
9.55678
9.55679
9.5568
9.55681
9.55682
9.55683
9.55684
9.55685
9.55686
9.55687
9.55688
9.55689
9.5569
9.55691
9.55692
9.55693
9.55694
9.55695
9.55696
9.55697
9.55698
9.55699
9.557
9.55701
9.55702
9.55703
9.55704
9.55705
9.55706
9.55707
9.55708
9.55709
9.5571
9.55711
9.55712
9.55713
9.55714
9.55715
9.55716
9.55717
9.55718
9.55719
9.5572
9.55721
9.55722
9.55723
9.55724
9.55725
9.55726
9.55727
9.55728
9.55729
9.5573
9.55731
9.55732
9.55733
9.55734
9.55735
9.55736
9.55737
9.55738
9.55739
9.5574
9.55741
9.55742
9.55743
9.55744
9.55745
9.55746
9.55747
9.55748
9.55749
9.5575
9.55751
9.55752
9.55753
9.55754
9.55755
9.55756
9.55757
9.55758
9.55759
9.5576
9.55761
9.55762
9.55763
9.55764
9.55765
9.55766
9.55767
9.55768
9.55769
9.5577
9.55771
9.55772
9.55773
9.55774
9.55775
9.55776
9.55777
9.55778
9.55779
9.5578
9.55781
9.55782
9.55783
9.55784
9.55785
9.55786
9.55787
9.55788
9.55789
9.5579
9.55791
9.55792
9.55793
9.55794
9.55795
9.55796
9.55797
9.55798
9.55799
9.558
9.55801
9.55802
9.55803
9.55804
9.55805
9.55806
9.55807
9.55808
9.55809
9.5581
9.55811
9.55812
9.55813
9.55814
9.55815
9.55816
9.55817
9.55818
9.55819
9.5582
9.55821
9.55822
9.55823
9.55824
9.55825
9.55826
9.55827
9.55828
9.55829
9.5583
9.55831
9.55832
9.55833
9.55834
9.55835
9.55836
9.55837
9.55838
9.55839
9.5584
9.55841
9.55842
9.55843
9.55844
9.55845
9.55846
9.55847
9.55848
9.55849
9.5585
9.55851
9.55852
9.55853
9.55854
9.55855
9.55856
9.55857
9.55858
9.55859
9.5586
9.55861
9.55862
9.55863
9.55864
9.55865
9.55866
9.55867
9.55868
9.55869
9.5587
9.55871
9.55872
9.55873
9.55874
9.55875
9.55876
9.55877
9.55878
9.55879
9.5588
9.55881
9.55882
9.55883
9.55884
9.55885
9.55886
9.55887
9.55888
9.55889
9.5589
9.55891
9.55892
9.55893
9.55894
9.55895
9.55896
9.55897
9.55898
9.55899
9.559
9.55901
9.55902
9.55903
9.55904
9.55905
9.55906
9.55907
9.55908
9.55909
9.5591
9.55911
9.55912
9.55913
9.55914
9.55915
9.55916
9.55917
9.55918
9.55919
9.5592
9.55921
9.55922
9.55923
9.55924
9.55925
9.55926
9.55927
9.55928
9.55929
9.5593
9.55931
9.55932
9.55933
9.55934
9.55935
9.55936
9.55937
9.55938
9.55939
9.5594
9.55941
9.55942
9.55943
9.55944
9.55945
9.55946
9.55947
9.55948
9.55949
9.5595
9.55951
9.55952
9.55953
9.55954
9.55955
9.55956
9.55957
9.55958
9.55959
9.5596
9.55961
9.55962
9.55963
9.55964
9.55965
9.55966
9.55967
9.55968
9.55969
9.5597
9.55971
9.55972
9.55973
9.55974
9.55975
9.55976
9.55977
9.55978
9.55979
9.5598
9.55981
9.55982
9.55983
9.55984
9.55985
9.55986
9.55987
9.55988
9.55989
9.5599
9.55991
9.55992
9.55993
9.55994
9.55995
9.55996
9.55997
9.55998
9.55999
9.56
9.56001
9.56002
9.56003
9.56004
9.56005
9.56006
9.56007
9.56008
9.56009
9.5601
9.56011
9.56012
9.56013
9.56014
9.56015
9.56016
9.56017
9.56018
9.56019
9.5602
9.56021
9.56022
9.56023
9.56024
9.56025
9.56026
9.56027
9.56028
9.56029
9.5603
9.56031
9.56032
9.56033
9.56034
9.56035
9.56036
9.56037
9.56038
9.56039
9.5604
9.56041
9.56042
9.56043
9.56044
9.56045
9.56046
9.56047
9.56048
9.56049
9.5605
9.56051
9.56052
9.56053
9.56054
9.56055
9.56056
9.56057
9.56058
9.56059
9.5606
9.56061
9.56062
9.56063
9.56064
9.56065
9.56066
9.56067
9.56068
9.56069
9.5607
9.56071
9.56072
9.56073
9.56074
9.56075
9.56076
9.56077
9.56078
9.56079
9.5608
9.56081
9.56082
9.56083
9.56084
9.56085
9.56086
9.56087
9.56088
9.56089
9.5609
9.56091
9.56092
9.56093
9.56094
9.56095
9.56096
9.56097
9.56098
9.56099
9.561
9.56101
9.56102
9.56103
9.56104
9.56105
9.56106
9.56107
9.56108
9.56109
9.5611
9.56111
9.56112
9.56113
9.56114
9.56115
9.56116
9.56117
9.56118
9.56119
9.5612
9.56121
9.56122
9.56123
9.56124
9.56125
9.56126
9.56127
9.56128
9.56129
9.5613
9.56131
9.56132
9.56133
9.56134
9.56135
9.56136
9.56137
9.56138
9.56139
9.5614
9.56141
9.56142
9.56143
9.56144
9.56145
9.56146
9.56147
9.56148
9.56149
9.5615
9.56151
9.56152
9.56153
9.56154
9.56155
9.56156
9.56157
9.56158
9.56159
9.5616
9.56161
9.56162
9.56163
9.56164
9.56165
9.56166
9.56167
9.56168
9.56169
9.5617
9.56171
9.56172
9.56173
9.56174
9.56175
9.56176
9.56177
9.56178
9.56179
9.5618
9.56181
9.56182
9.56183
9.56184
9.56185
9.56186
9.56187
9.56188
9.56189
9.5619
9.56191
9.56192
9.56193
9.56194
9.56195
9.56196
9.56197
9.56198
9.56199
9.562
9.56201
9.56202
9.56203
9.56204
9.56205
9.56206
9.56207
9.56208
9.56209
9.5621
9.56211
9.56212
9.56213
9.56214
9.56215
9.56216
9.56217
9.56218
9.56219
9.5622
9.56221
9.56222
9.56223
9.56224
9.56225
9.56226
9.56227
9.56228
9.56229
9.5623
9.56231
9.56232
9.56233
9.56234
9.56235
9.56236
9.56237
9.56238
9.56239
9.5624
9.56241
9.56242
9.56243
9.56244
9.56245
9.56246
9.56247
9.56248
9.56249
9.5625
9.56251
9.56252
9.56253
9.56254
9.56255
9.56256
9.56257
9.56258
9.56259
9.5626
9.56261
9.56262
9.56263
9.56264
9.56265
9.56266
9.56267
9.56268
9.56269
9.5627
9.56271
9.56272
9.56273
9.56274
9.56275
9.56276
9.56277
9.56278
9.56279
9.5628
9.56281
9.56282
9.56283
9.56284
9.56285
9.56286
9.56287
9.56288
9.56289
9.5629
9.56291
9.56292
9.56293
9.56294
9.56295
9.56296
9.56297
9.56298
9.56299
9.563
9.56301
9.56302
9.56303
9.56304
9.56305
9.56306
9.56307
9.56308
9.56309
9.5631
9.56311
9.56312
9.56313
9.56314
9.56315
9.56316
9.56317
9.56318
9.56319
9.5632
9.56321
9.56322
9.56323
9.56324
9.56325
9.56326
9.56327
9.56328
9.56329
9.5633
9.56331
9.56332
9.56333
9.56334
9.56335
9.56336
9.56337
9.56338
9.56339
9.5634
9.56341
9.56342
9.56343
9.56344
9.56345
9.56346
9.56347
9.56348
9.56349
9.5635
9.56351
9.56352
9.56353
9.56354
9.56355
9.56356
9.56357
9.56358
9.56359
9.5636
9.56361
9.56362
9.56363
9.56364
9.56365
9.56366
9.56367
9.56368
9.56369
9.5637
9.56371
9.56372
9.56373
9.56374
9.56375
9.56376
9.56377
9.56378
9.56379
9.5638
9.56381
9.56382
9.56383
9.56384
9.56385
9.56386
9.56387
9.56388
9.56389
9.5639
9.56391
9.56392
9.56393
9.56394
9.56395
9.56396
9.56397
9.56398
9.56399
9.564
9.56401
9.56402
9.56403
9.56404
9.56405
9.56406
9.56407
9.56408
9.56409
9.5641
9.56411
9.56412
9.56413
9.56414
9.56415
9.56416
9.56417
9.56418
9.56419
9.5642
9.56421
9.56422
9.56423
9.56424
9.56425
9.56426
9.56427
9.56428
9.56429
9.5643
9.56431
9.56432
9.56433
9.56434
9.56435
9.56436
9.56437
9.56438
9.56439
9.5644
9.56441
9.56442
9.56443
9.56444
9.56445
9.56446
9.56447
9.56448
9.56449
9.5645
9.56451
9.56452
9.56453
9.56454
9.56455
9.56456
9.56457
9.56458
9.56459
9.5646
9.56461
9.56462
9.56463
9.56464
9.56465
9.56466
9.56467
9.56468
9.56469
9.5647
9.56471
9.56472
9.56473
9.56474
9.56475
9.56476
9.56477
9.56478
9.56479
9.5648
9.56481
9.56482
9.56483
9.56484
9.56485
9.56486
9.56487
9.56488
9.56489
9.5649
9.56491
9.56492
9.56493
9.56494
9.56495
9.56496
9.56497
9.56498
9.56499
9.565
9.56501
9.56502
9.56503
9.56504
9.56505
9.56506
9.56507
9.56508
9.56509
9.5651
9.56511
9.56512
9.56513
9.56514
9.56515
9.56516
9.56517
9.56518
9.56519
9.5652
9.56521
9.56522
9.56523
9.56524
9.56525
9.56526
9.56527
9.56528
9.56529
9.5653
9.56531
9.56532
9.56533
9.56534
9.56535
9.56536
9.56537
9.56538
9.56539
9.5654
9.56541
9.56542
9.56543
9.56544
9.56545
9.56546
9.56547
9.56548
9.56549
9.5655
9.56551
9.56552
9.56553
9.56554
9.56555
9.56556
9.56557
9.56558
9.56559
9.5656
9.56561
9.56562
9.56563
9.56564
9.56565
9.56566
9.56567
9.56568
9.56569
9.5657
9.56571
9.56572
9.56573
9.56574
9.56575
9.56576
9.56577
9.56578
9.56579
9.5658
9.56581
9.56582
9.56583
9.56584
9.56585
9.56586
9.56587
9.56588
9.56589
9.5659
9.56591
9.56592
9.56593
9.56594
9.56595
9.56596
9.56597
9.56598
9.56599
9.566
9.56601
9.56602
9.56603
9.56604
9.56605
9.56606
9.56607
9.56608
9.56609
9.5661
9.56611
9.56612
9.56613
9.56614
9.56615
9.56616
9.56617
9.56618
9.56619
9.5662
9.56621
9.56622
9.56623
9.56624
9.56625
9.56626
9.56627
9.56628
9.56629
9.5663
9.56631
9.56632
9.56633
9.56634
9.56635
9.56636
9.56637
9.56638
9.56639
9.5664
9.56641
9.56642
9.56643
9.56644
9.56645
9.56646
9.56647
9.56648
9.56649
9.5665
9.56651
9.56652
9.56653
9.56654
9.56655
9.56656
9.56657
9.56658
9.56659
9.5666
9.56661
9.56662
9.56663
9.56664
9.56665
9.56666
9.56667
9.56668
9.56669
9.5667
9.56671
9.56672
9.56673
9.56674
9.56675
9.56676
9.56677
9.56678
9.56679
9.5668
9.56681
9.56682
9.56683
9.56684
9.56685
9.56686
9.56687
9.56688
9.56689
9.5669
9.56691
9.56692
9.56693
9.56694
9.56695
9.56696
9.56697
9.56698
9.56699
9.567
9.56701
9.56702
9.56703
9.56704
9.56705
9.56706
9.56707
9.56708
9.56709
9.5671
9.56711
9.56712
9.56713
9.56714
9.56715
9.56716
9.56717
9.56718
9.56719
9.5672
9.56721
9.56722
9.56723
9.56724
9.56725
9.56726
9.56727
9.56728
9.56729
9.5673
9.56731
9.56732
9.56733
9.56734
9.56735
9.56736
9.56737
9.56738
9.56739
9.5674
9.56741
9.56742
9.56743
9.56744
9.56745
9.56746
9.56747
9.56748
9.56749
9.5675
9.56751
9.56752
9.56753
9.56754
9.56755
9.56756
9.56757
9.56758
9.56759
9.5676
9.56761
9.56762
9.56763
9.56764
9.56765
9.56766
9.56767
9.56768
9.56769
9.5677
9.56771
9.56772
9.56773
9.56774
9.56775
9.56776
9.56777
9.56778
9.56779
9.5678
9.56781
9.56782
9.56783
9.56784
9.56785
9.56786
9.56787
9.56788
9.56789
9.5679
9.56791
9.56792
9.56793
9.56794
9.56795
9.56796
9.56797
9.56798
9.56799
9.568
9.56801
9.56802
9.56803
9.56804
9.56805
9.56806
9.56807
9.56808
9.56809
9.5681
9.56811
9.56812
9.56813
9.56814
9.56815
9.56816
9.56817
9.56818
9.56819
9.5682
9.56821
9.56822
9.56823
9.56824
9.56825
9.56826
9.56827
9.56828
9.56829
9.5683
9.56831
9.56832
9.56833
9.56834
9.56835
9.56836
9.56837
9.56838
9.56839
9.5684
9.56841
9.56842
9.56843
9.56844
9.56845
9.56846
9.56847
9.56848
9.56849
9.5685
9.56851
9.56852
9.56853
9.56854
9.56855
9.56856
9.56857
9.56858
9.56859
9.5686
9.56861
9.56862
9.56863
9.56864
9.56865
9.56866
9.56867
9.56868
9.56869
9.5687
9.56871
9.56872
9.56873
9.56874
9.56875
9.56876
9.56877
9.56878
9.56879
9.5688
9.56881
9.56882
9.56883
9.56884
9.56885
9.56886
9.56887
9.56888
9.56889
9.5689
9.56891
9.56892
9.56893
9.56894
9.56895
9.56896
9.56897
9.56898
9.56899
9.569
9.56901
9.56902
9.56903
9.56904
9.56905
9.56906
9.56907
9.56908
9.56909
9.5691
9.56911
9.56912
9.56913
9.56914
9.56915
9.56916
9.56917
9.56918
9.56919
9.5692
9.56921
9.56922
9.56923
9.56924
9.56925
9.56926
9.56927
9.56928
9.56929
9.5693
9.56931
9.56932
9.56933
9.56934
9.56935
9.56936
9.56937
9.56938
9.56939
9.5694
9.56941
9.56942
9.56943
9.56944
9.56945
9.56946
9.56947
9.56948
9.56949
9.5695
9.56951
9.56952
9.56953
9.56954
9.56955
9.56956
9.56957
9.56958
9.56959
9.5696
9.56961
9.56962
9.56963
9.56964
9.56965
9.56966
9.56967
9.56968
9.56969
9.5697
9.56971
9.56972
9.56973
9.56974
9.56975
9.56976
9.56977
9.56978
9.56979
9.5698
9.56981
9.56982
9.56983
9.56984
9.56985
9.56986
9.56987
9.56988
9.56989
9.5699
9.56991
9.56992
9.56993
9.56994
9.56995
9.56996
9.56997
9.56998
9.56999
