0.33064487332 0 831164.718318
0.563510021502 0.0466873367406 831169.706077
0.698628145464 0.0541799011326 831172.199956
1.07324247795 0.075106754381 831177.187714
1.34427655696 0.054339858985 831182.175472
1.65347792086 0.0619920512355 831187.163231
1.75741510669 0.0416769141499 831189.65711
1.89612684575 0.0278104375932 831194.644868
2.02796452527 0.0264322513993 831199.632626
2.14385942636 0.0232358698398 831204.620384
2.21878158356 0.0300424173365 831207.114263
2.42112206074 0.0405674188194 831212.102022
2.56273801012 0.0283927052554 831217.08978
2.70475345157 0.0284727997672 831222.077538
2.75351872294 0.0195539836112 831224.571417
2.81438520859 0.0122031748158 831229.559175
2.85120246055 0.00738152297022 831234.546934
2.92433863471 0.01466313537 831239.534692
2.95915030203 0.0139588431108 831242.028571
3.83232860411 0.175064279652 831247.016329
3.87624385785 0.00880460754006 831252.004088
3.95973503994 0.0167392199451 831256.991846
4.0059984248 0.018550772793 831259.485725
4.10075713144 0.0189982557741 831264.473483
4.18121431971 0.0161309318774 831269.461241
4.24544659027 0.012877983969 831274.449
4.2831123695 0.0151032898849 831276.942879
4.38178136585 0.0197822331695 831281.930637
4.45942938831 0.0155677197731 831286.918395
4.54521983532 0.0172002015758 831291.906153
4.60065564145 0.0222287462795 831294.400033
4.68181578275 0.0162718675437 831299.387791
4.72585940624 0.00883034450332 831304.375549
4.81071985775 0.0170137459659 831309.363307
4.85990321535 0.0197216285574 831311.857186
4.95192389165 0.0184493056828 831316.844945
5.0678571599 0.0232435621056 831321.832703
5.11813494038 0.0201604721539 831324.326582
5.21506866385 0.0194343267947 831329.31434
5.29663917148 0.0163541422476 831334.302098
5.43642205208 0.0280251916968 831339.289857
5.47789110517 0.0166283332737 831341.783736
5.61082128154 0.0266512870443 831346.771494
5.72912103387 0.0237180205636 831351.759252
5.8606571838 0.02637179747 831356.74701
5.92086286442 0.0241413788744 831359.24089
6.04140956422 0.0241685130242 831364.228648
6.14367958759 0.0205042062182 831369.216406
6.24154858032 0.0196218397468 831374.204164
6.30494554362 0.0254210249729 831376.698043
6.39824222846 0.0187051337481 831381.685802
6.45294205529 0.0109668160082 831386.67356
6.53962202628 0.0173785430139 831391.661318
6.58436453202 0.0179409280305 831394.155197
6.68230264022 0.0196356967671 831399.142955
6.7636477577 0.016308953579 831404.130714
6.81530278768 0.0103563620297 831409.118472
6.86960074815 0.0217724909449 831411.612351
6.93506840545 0.0131256677343 831416.600109
6.97950228811 0.00890858790467 831421.587867
7.07783043434 0.0197138958308 831426.575626
7.13220188401 0.0218019587707 831429.069505
7.21051228044 0.0157005197083 831434.057263
7.28962984428 0.0158623494043 831439.045021
7.35629553224 0.0133658619489 831444.032779
7.3675107255 0.0044970877636 831446.526659
7.43501161788 0.0135333128089 831451.514417
7.51640422818 0.0163184754556 831456.502175
7.58124893831 0.0130007725129 831461.489933
7.61664787728 0.0141943283209 831463.983812
7.69960641397 0.016632429404 831468.971571
7.75430494606 0.0109665564257 831473.959329
7.79329103153 0.00781635429141 831478.947087
7.83135846196 0.0152643446865 831481.440966
7.90061567454 0.0138854389778 831486.428724
7.96677710622 0.0132647631644 831491.416483
8.00603839741 0.0078715305285 831496.404241
8.03584031575 0.01195002522 831498.89812
8.0844875144 0.00975331930454 831503.885878
8.13455161426 0.0100373950619 831508.873637
8.15356543033 0.00762419314902 831511.367516
8.20606796256 0.0105262784966 831516.355274
8.27040722716 0.0128994352978 831521.343032
8.31896160164 0.00973470890456 831526.33079
8.33489125332 0.0063874995297 831528.824669
8.38574549333 0.0101958109505 831533.812428
8.44011984805 0.0109015618203 831538.800186
8.48866981481 0.00973382519716 831543.787944
8.50942722208 0.00832334139127 831546.281823
8.5517502861 0.00848538803398 831551.269581
8.60228942187 0.0101326354254 831556.25734
8.67551892569 0.0146818471166 831561.245098
8.7055535245 0.0120433258407 831563.738977
8.74206787207 0.00732079340558 831568.726735
8.78992516614 0.0095949506437 831573.714494
8.8316979179 0.00837505544913 831578.702252
8.85318425635 0.00861562948657 831581.196131
8.9037021842 0.0101283834317 831586.183889
8.96776144985 0.0128432980651 831591.171647
9.03817792143 0.0141178598256 831596.159406
9.05376265077 0.00624919196742 831598.653285
9.08508097999 0.00627903915242 831603.641043
9.10944984835 0.0048857356791 831608.628801
9.15136258798 0.00840312173897 831613.616559
9.16890953727 0.00703600634609 831616.110439
9.27230337981 0.0207295217046 831621.098197
9.31457203186 0.00847447893017 831626.085955
9.33199540923 0.00349322813082 831631.073713
9.34372884174 0.00470489224351 831633.567592
9.40190702208 0.0116641941383 831638.555351
9.5097084126 0.0216131948448 831643.543109
9.62070342769 0.0222534874212 831648.530867
9.70811060222 0.0350486813736 831651.024746
9.91906939329 0.0422953120879 831656.012504
10.2263150374 0.0615999472626 831661.000263
10.446002499 0.0440453308671 831665.988021
10.5356360339 0.035941411235 831668.4819
10.6900950618 0.0309676252697 831673.469658
10.8139030647 0.0248223745209 831678.457416
10.9066379754 0.0185925031705 831683.445175
10.9399907573 0.0133738566982 831685.939054
10.981932513 0.00840893919799 831690.926812
11.0078724028 0.00520071113498 831695.91457
11.0235572707 0.00628934571371 831698.408449
11.1413942925 0.023625247301 831703.396208
11.2901671503 0.0298276000798 831708.383966
11.5337184656 0.0488298156951 831713.371724
11.6339357227 0.040185290639 831715.865603
11.8320388711 0.0397178730734 831720.853361
11.9786615127 0.029396501353 831725.84112
12.0724229523 0.0187983128428 831730.828878
12.1079309523 0.01423805977 831733.322757
12.1800992445 0.0144690838899 831738.310515
12.2855162182 0.0211351410279 831743.298273
12.4234145856 0.0276473639928 831748.286032
12.4869628899 0.0254817099571 831750.779911
12.5341080673 0.00945217774961 831755.767669
12.5644469706 0.00608267320196 831760.755427
12.5974322758 0.00661325261975 831765.743185
12.6113792283 0.00559247333249 831768.237065
12.6384877995 0.0054350210982 831773.224823
12.6686925807 0.00605578294534 831778.212581
12.7029147094 0.00686122443482 831783.200339
12.7221319385 0.00770575804762 831785.694218
12.7581625593 0.00722381060895 831790.681977
12.7883505845 0.00605242350822 831795.669735
12.8089192227 0.00412382421733 831800.657493
12.8174430953 0.00341791731608 831803.151372
12.8315766445 0.00283364761671 831808.13913
12.8422247988 0.00213485775071 831813.126889
12.8706579939 0.00570059608554 831818.114647
12.8837529717 0.0052508470754 831820.608526
12.9001850252 0.00329447674017 831825.596284
12.9158481705 0.00314031766549 831830.584043
12.9374670903 0.00433439609059 831835.571801
12.9518459546 0.00576566209734 831838.06568
12.9776818224 0.00517985567647 831843.053438
13.0066669587 0.00581125526394 831848.041196
13.0404686059 0.00677692174135 831853.028955
13.0573170054 0.00675590062855 831855.522834
13.0936555975 0.00728555603268 831860.510592
13.1211170311 0.00550576678927 831865.49835
13.1438226411 0.00455226757141 831870.486108
13.1524385224 0.003454811085 831872.979987
13.1641303462 0.00234410395691 831877.967746
13.1824613519 0.00367519934261 831882.955504
13.1934160549 0.00439263592499 831885.449383
13.2169943444 0.00472723183218 831890.437141
13.2375529608 0.00412181493002 831895.4249
13.2605868244 0.00461807941644 831900.412658
13.2729822828 0.00497035254661 831902.906537
13.2997675541 0.00537020240741 831907.894295
13.3244903468 0.00495669429116 831912.882053
13.3457806735 0.00426851617159 831917.869812
13.3565713374 0.00432685921474 831920.363691
13.3796302113 0.00462309375258 831925.351449
13.4063203718 0.00535113356404 831930.339207
13.4279762626 0.00434180844013 831935.326965
13.436821241 0.00354667488824 831937.820845
13.4642604921 0.00550131940072 831942.808603
13.4941757735 0.00599774085807 831947.796361
13.5184084809 0.00485843664665 831952.784119
13.5343194082 0.0063799914152 831955.277998
13.580351476 0.00922900943679 831960.265757
13.6236687051 0.00868470906409 831965.253515
13.6560873051 0.00649963339262 831970.241273
13.6795176928 0.00939515775189 831972.735152
13.7662438324 0.0173877994003 831977.72291
13.8261441846 0.0120094738784 831982.710669
13.8833197684 0.0114631826879 831987.698427
13.9078068786 0.00981888417131 831990.192306
13.9511345372 0.00868680007958 831995.180064
14.0055372895 0.0109072552652 832000.167822
14.0612270732 0.0111652933286 832005.155581
14.0817937798 0.00824687391704 832007.64946
14.1148585565 0.00662918593077 832012.637218
14.1448419529 0.00601139730108 832017.624976
14.1715608899 0.00535690298744 832022.612734
14.1853460655 0.00552760378054 832025.106614
14.2131007237 0.00556455562602 832030.094372
14.2397606357 0.00534506903506 832035.08213
14.26650776 0.00536255427979 832040.069888
14.2799470173 0.0053888968469 832042.563767
14.3062913913 0.00528180653558 832047.551526
14.3339187417 0.00553903157618 832052.539284
14.3649459153 0.00622066511019 832057.527042
14.3847677846 0.00794820775779 832060.020921
14.429271969 0.00892268276392 832065.008679
14.4734853788 0.00886438509271 832069.996438
14.5102093926 0.00736282958169 832074.984196
14.5258843351 0.00628536580546 832077.478075
14.5557646312 0.00599072663355 832082.465833
14.5809849927 0.00505645227168 832087.453591
14.5922242458 0.00450673532913 832089.947471
14.6148583102 0.00453792332432 832094.935229
14.6425665866 0.00555525650637 832099.922987
14.6774049671 0.00698477730249 832104.910745
14.6991467914 0.0087180746583 832107.404624
14.7551104921 0.0112202111708 832112.392383
14.8234543301 0.0137023157209 832117.380141
14.883096564 0.0119577235148 832122.367899
14.905662449 0.00904850793235 832124.861778
14.9482233226 0.00853306669748 832129.849536
14.9845720849 0.00728759505285 832134.837295
15.0121849418 0.00553612578769 832139.825053
15.0244592945 0.00492179134408 832142.318932
15.0506409816 0.00524918930103 832147.30669
15.0799722162 0.00588064481121 832152.294449
15.1094909955 0.0059182458236 832157.282207
15.1246354305 0.00607264197512 832159.776086
15.1534151845 0.00577007797921 832164.763844
15.1780669324 0.00494245044985 832169.751602
15.2078904226 0.00597933758255 832174.739361
15.2222178185 0.00574502420839 832177.23324
15.2626776613 0.00811182917692 832182.220998
15.3016534382 0.00781428751731 832187.208756
15.326845885 0.00505085563853 832192.196514
15.3365274996 0.00388215072479 832194.690393
15.3625553705 0.00521835053736 832199.678152
15.3819315831 0.00388475378005 832204.66591
15.4009049045 0.00380397775826 832209.653668
15.4114035219 0.00420975392962 832212.147547
15.4298476484 0.00369787901171 832217.135306
15.4511639266 0.0042737192261 832222.123064
15.4761328692 0.0050060450837 832227.110822
15.4877669246 0.00466504381796 832229.604701
15.5084381058 0.00414438316507 832234.592459
15.5268678774 0.00369500099033 832239.580218
15.5443124835 0.00349748429729 832244.567976
15.5525754412 0.00331329517296 832247.061855
15.5645402245 0.00239882984386 832252.049613
15.5768037153 0.00245871798285 832257.037371
15.587268228 0.002098039281 832262.02513
15.5925632149 0.00212319308639 832264.519009
15.6016587871 0.00182357920808 832269.506767
15.6143787361 0.00255023365947 832274.494525
15.6192193801 0.00194100989502 832276.988404
15.6354271248 0.00324950486766 832281.976163
15.6655560901 0.00604058254102 832286.963921
15.7016379754 0.00723408867954 832291.951679
15.7220966816 0.00820356769752 832294.445558
15.7610663153 0.00781305585742 832299.433316
15.787448552 0.00528939767226 832304.421075
15.8115597475 0.00483407462545 832309.408833
15.8232832703 0.00470091862449 832311.902712
15.8511105764 0.00557912087162 832316.89047
15.8964886246 0.00454894223948 832326.865987
15.9059895576 0.00380970069293 832329.359866
15.9226519637 0.00334066033105 832334.347624
15.9391250313 0.00330269970189 832339.335382
15.9647681501 0.00514121126178 832344.32314
15.9897308592 0.0100095906474 832346.81702
16.0167790029 0.005422905935 832351.804778
16.0451011092 0.00567832380385 832356.792536
16.0704572665 0.00508367810611 832361.780294
16.0824048712 0.00479077138581 832364.274173
16.107509988 0.00503334677511 832369.261932
16.1340093111 0.00531287240758 832374.24969
16.1575386253 0.00471741273486 832379.237448
16.1685385961 0.00441078745701 832381.731327
16.1935656946 0.00501770482177 832386.719085
16.2156011761 0.00441791290647 832391.706844
16.2395639842 0.00480432430733 832396.694602
16.2540773137 0.00581958019878 832399.188481
16.2849120118 0.00618207552084 832404.176239
16.3153147501 0.00609547153084 832409.163997
16.3432278391 0.00559631956606 832414.151756
16.3553212334 0.00484923037879 832416.645635
16.3799354594 0.00493492763179 832421.633393
16.4037802031 0.00478065348599 832426.621151
16.4266458181 0.00458434710219 832431.60891
16.4379911143 0.0045492566538 832434.102789
16.4659599236 0.00560749096839 832439.090547
16.4879759181 0.00441400594903 832444.078305
16.5095834783 0.00433211861133 832449.066063
16.5197197704 0.00406446807466 832451.559942
16.5408657795 0.00423958181984 832456.547701
16.5640308207 0.00464437932279 832461.535459
16.5743043762 0.00411950820424 832464.029338
16.5940973218 0.00396830493482 832469.017096
16.6144909337 0.00408873304773 832474.004855
16.6341936009 0.00395020493797 832478.992613
16.6457004109 0.00461402076369 832481.486492
16.6669200421 0.00425434236796 832486.47425
16.6876159588 0.00414934239004 832491.462008
16.7108576689 0.00465975073385 832496.449767
16.7222893028 0.00458387650723 832498.943646
16.7437132249 0.00429530084676 832503.931404
16.7669635253 0.00466147300876 832508.919162
16.7896597167 0.00455037922761 832513.90692
16.8038640291 0.00569566996037 832516.400799
16.8344070327 0.00612359343893 832521.388558
16.86230701 0.00559369079383 832526.376316
16.8863830901 0.00482703430638 832531.364074
16.8973081963 0.00438076813675 832533.857953
16.9279661147 0.00614663280599 832538.845712
16.9586481253 0.00615146308887 832543.83347
16.9821985936 0.00472165393312 832548.821228
16.9958465167 0.00547256802261 832551.315107
17.0231628423 0.00547667395076 832556.302865
17.1303230332 0.0214846401796 832561.290624
17.2146044298 0.0168976507391 832566.278382
17.2528177189 0.0153228313629 832568.772261
17.3305426736 0.0155831439825 832573.760019
17.388373682 0.0115945893214 832578.747777
17.430668127 0.00847965018483 832583.735536
17.4467675686 0.00645558217656 832586.229415
17.4758888384 0.00583854879636 832591.217173
17.5053192974 0.00590053841062 832596.204931
17.5352388887 0.00599860495241 832601.192689
17.5500467983 0.00593770145967 832603.686569
17.5790108819 0.00580703438639 832608.674327
17.6049871995 0.0052080145875 832613.662085
17.6285694479 0.00472802555951 832618.649843
17.6400700201 0.00461151948239 832621.143722
17.6638919386 0.00477607723549 832626.131481
17.6888253863 0.00499892867246 832631.119239
17.7125812915 0.00476284216366 832636.106997
17.7238028545 0.00449964190566 832638.600876
17.7461202551 0.00447443511945 832643.588634
17.7676994125 0.00432642410766 832648.576393
17.7821932511 0.00581176466893 832651.070272
17.8100813792 0.00559131514197 832656.05803
17.8321770146 0.0044299732314 832661.045788
17.8525535379 0.00408530693574 832666.033546
17.8636536996 0.00445096219994 832668.527426
17.8854271806 0.00436538420676 832673.515184
17.9073962763 0.00440460316508 832678.502942
