1 0.165336089476 9.5532153465
3 0.678556066919 9.55327267585
3 0.992987435871 9.55330134052
3 1.42013997266 9.55335866986
3 1.93853252433 9.55341599921
3 2.4624734299 9.55347332856
2 2.71346944087 9.55350199323
2 3.25368694484 9.55355932257
2 3.80041111449 9.55361665192
2 4.34644949337 9.55367398126
2 4.58192378452 9.55370264594
2 5.04679887226 9.55375997528
2 5.36018340435 9.55381730463
2 5.4879989775 9.55387463397
2 5.53197282869 9.55390329865
2 5.61519014335 9.55396062799
2 5.6737480919 9.55401795734
2 5.7074498172 9.55407528668
2 5.73863242388 9.55410395136
3 5.91309691466 9.5541612807
3 6.13639447701 9.55421861005
3 6.39274855501 9.55427593939
3 6.48343633544 9.55430460406
3 6.66991103887 9.55436193341
3 6.9117777532 9.55441926276
4 7.14337025315 9.5544765921
6 7.37803701056 9.55450525677
6 7.78327518974 9.55456258612
7 8.13559127232 9.55461991546
7 8.46059436801 9.55467724481
6 8.61703385023 9.55470590948
6 8.89614003965 9.55476323883
5 9.10811900575 9.55482056817
5 9.32810259339 9.55487789752
5 9.46411059881 9.55490656219
5 9.84133982801 9.55496389154
5 10.5699487835 9.55502122088
5 10.7603669603 9.55507855023
5 10.9840841599 9.5551072149
5 11.3210017341 9.55516454425
5 11.56647489 9.55522187359
5 11.7333704289 9.55525053827
4 12.0573411457 9.55530786761
4 12.3629494264 9.55536519696
4 12.5937003297 9.5554225263
4 12.7239149408 9.55545119097
4 13.0038863396 9.55550852032
