1 0.0524869721652 9.55361655722
1 0.488103222916 9.55367379188
1 0.578612756541 9.5537024092
1 1.32257055329 9.55375964385
1 2.31498846814 9.5538168785
1 2.68889461909 9.55387411315
1 2.8306158539 9.55390273048
1 3.0926347491 9.55395996513
1 3.29558332451 9.55401719978
1 3.50473563287 9.55407443443
1 3.60455203827 9.55410305176
1 3.76956826006 9.55416028641
1 3.93153661716 9.55421752106
1 4.10026946008 9.55427475571
1 4.17962132285 9.55430337304
1 4.31815113506 9.55436060769
1 4.47391704165 9.55441784234
1 4.68921460846 9.55447507699
1 4.794198801 9.55450369431
1 4.95710060281 9.55456092896
1 5.11304135195 9.55461816362
1 5.26087764928 9.55467539827
1 5.33320948601 9.55470401559
1 5.48489100748 9.55476125024
1 5.62508663009 9.55481848489
1 5.76527837311 9.55487571955
1 5.83267467197 9.55490433687
5 6.17787602106 9.55496157152
7 6.87626140068 9.55501880617
9 7.95365940573 9.55507604082
9 8.5646523247 9.55510465815
7 9.06040911016 9.5551618928
8 9.60051373272 9.55521912745
8 10.0425694394 9.5552763621
8 10.2510737011 9.55530497943
8 10.603613165 9.55536221408
7 10.9595151547 9.55541944873
7 11.2808077751 9.55547668338
7 11.4704244373 9.55550530071
7 11.7538958319 9.55556253536
7 12.087207111 9.55561977001
7 12.4007334943 9.55567700466
6 12.555880822 9.55570562198
6 12.8333258217 9.55576285663
