1 0.0523479024621 9.55361655722
1 0.486823550418 9.55367379188
1 0.577671830224 9.5537024092
1 1.24489626104 9.55375964385
1 2.29629593467 9.5538168785
1 2.69149430007 9.55387411315
1 2.84378061317 9.55390273048
1 3.10335799943 9.55395996513
1 3.30852741994 9.55401719978
1 3.51836112544 9.55407443443
1 3.61014379032 9.55410305176
1 3.76926214226 9.55416028641
1 3.92558249808 9.55421752106
1 4.08549824539 9.55427475571
1 4.16435230656 9.55430337304
1 4.30304553064 9.55436060769
1 4.45823507599 9.55441784234
1 4.67407557114 9.55447507699
1 4.77876302925 9.55450369431
1 4.95811034306 9.55456092896
1 5.11668664165 9.55461816362
1 5.2754260067 9.55467539827
1 5.36454564882 9.55470401559
1 5.5144815007 9.55476125024
1 5.65932802937 9.55481848489
1 5.80256281881 9.55487571955
1 5.87227419717 9.55490433687
6 6.40664858242 9.55496157152
8 6.97224425821 9.55501880617
8 7.7314896732 9.55507604082
10 8.21781813631 9.55510465815
10 9.05343218455 9.5551618928
10 9.56310230408 9.55521912745
10 10.2288869348 9.5552763621
10 10.4881916744 9.55530497943
9 10.8330414511 9.55536221408
9 11.038673629 9.55541944873
9 11.4302689972 9.55547668338
7 11.5836470356 9.55550530071
5 11.7745440476 9.55556253536
5 11.9823913813 9.55561977001
5 12.3875392989 9.55567700466
5 12.5156702266 9.55570562198
5 12.6825813918 9.55576285663
5 12.7919536957 9.55582009129
5 12.8781322963 9.55587732594
5 12.9229976399 9.55590594326
7 13.1109072913 9.55596317791
10 13.4623230033 9.55602041256
10 14.5239216537 9.55607764722
10 14.749115113 9.55610626454
10 15.0408479635 9.55616349919
10 15.3788738474 9.55622073384
10 15.6773791183 9.55627796849
10 15.79066538 9.55630658582
9 16.0685846524 9.55636382047
9 16.5517265371 9.55642105512
9 16.7335353707 9.55647828977
9 16.8110785751 9.5565069071
9 16.9199858281 9.55656414175
9 17.0612769359 9.5566213764
9 17.1493212261 9.55667861105
9 17.2126688286 9.55670722838
11 17.6058396115 9.55676446303
11 17.8766566696 9.55682169768
11 17.9852400072 9.556850315
11 18.1918051711 9.55690754965
11 18.4924150751 9.5569647843
11 18.906662995 9.55702201896
11 19.080334776 9.55705063628
11 19.2805149014 9.55710787093
11 19.5475292626 9.55716510558
11 19.7515578387 9.55722234023
11 19.872072216 9.55725095756
11 20.1016616664 9.55730819221
11 20.3282703146 9.55736542686
13 20.7019393484 9.55742266151
13 20.8624899275 9.55745127884
14 21.278142184 9.55750851349
13 21.7739336808 9.55756574814
13 22.1388566492 9.55762298279
13 22.2720046953 9.55765160012
13 22.5206380857 9.55770883477
13 22.7047924988 9.55776606942
13 22.8405535555 9.55782330407
13 22.9167449133 9.55785192139
13 23.113223021 9.55790915605
13 23.3291049678 9.5579663907
13 23.6903659681 9.55802362535
13 23.9541667175 9.55805224267
13 24.1324989572 9.55810947732
13 24.2437897572 9.55816671197
13 24.3269675885 9.55822394663
13 24.3766981246 9.55825256395
12 24.4871922604 9.5583097986
