0.0838857415529 0 831182.175472
0.446077344001 0.0726161103975 831187.163231
0.534847984229 0.0355954062268 831189.65711
1.23717626923 0.140810410662 831194.644868
2.02912526875 0.158778545908 831199.632626
2.83128174091 0.160825051004 831204.620384
2.97129606384 0.0561431875434 831207.114263
3.14617854772 0.035062341783 831212.102022
3.30047481245 0.0309349927434 831217.08978
3.46305954715 0.0325967553188 831222.077538
3.5379138782 0.0300152202881 831224.571417
3.66864572376 0.0262105417827 831229.559175
3.80192911962 0.0267221043312 831234.546934
3.9398559754 0.0276530756589 831239.534692
4.00348218913 0.0255129502137 831242.028571
4.13953363774 0.0272770736415 831247.016329
4.2539121271 0.0229318431282 831252.004088
4.47114932566 0.043554075486 831256.991846
4.55172396128 0.0323089579975 831259.485725
4.64616353779 0.0189342730959 831264.473483
4.77074470995 0.0124886939532 831274.449
4.78946763581 0.00750755148401 831276.942879
4.80172191269 0.00245687066262 831281.930637
4.8243873148 0.00454420624522 831286.918395
4.84897621758 0.00492985057345 831291.906153
4.86962570939 0.00828006926205 831294.400033
4.89663749491 0.00541561644741 831299.387791
4.92351489027 0.00538867244657 831304.375549
4.94175310614 0.00365659581319 831309.363307
4.96009755962 0.00735579096547 831311.857186
4.97937724461 0.00386540086734 831316.844945
5.03151242574 0.0104526279531 831321.832703
5.05033554311 0.00754772644907 831324.326582
5.07556182753 0.00505763977431 831329.31434
5.13785279712 0.0124887708446 831334.302098
5.16353273733 0.00514859361883 831339.289857
5.17397604703 0.00418757654704 831341.783736
5.21212403955 0.00764832430545 831346.771494
5.23294205034 0.00417382114798 831351.759252
5.41924333574 0.0373517072628 831356.74701
5.44024405931 0.00842090678178 831359.24089
5.50006522473 0.011993597651 831364.228648
5.54773447588 0.0095572497574 831369.216406
5.56401054202 0.00326320270109 831374.204164
5.56878198145 0.00191326010781 831376.698043
5.57806641018 0.00186144321699 831381.685802
5.58753000386 0.00189736415389 831386.67356
5.61959161632 0.00642806065793 831391.661318
5.70369623729 0.0337244176826 831394.155197
5.75996983216 0.0112823421345 831399.142955
5.77390500657 0.00279387527648 831404.130714
5.79052816902 0.00333279234355 831409.118472
5.79382343234 0.00132134043825 831411.612351
5.79862308116 0.0009622857786 831416.600109
5.853710235 0.0110444715394 831421.587867
6.03368059401 0.0240549428711 831429.069505
6.04081980359 0.00143134635692 831434.057263
6.04311091081 0.000459346085468 831439.045021
6.04817857975 0.00101602136933 831444.032779
6.05110714641 0.00117430176784 831446.526659
6.06523745182 0.00283299726026 831451.514417
6.15514428045 0.0180254985188 831456.502175
6.18261386635 0.00550740124442 831461.489933
6.18849494548 0.002358205374 831463.983812
6.21077719446 0.00446738753885 831468.971571
6.22114855629 0.00207936338316 831473.959329
6.23759092283 0.00329654441396 831478.947087
6.24835913198 0.00431785529549 831481.440966
6.2663055729 0.00359809759745 831486.428724
6.28510242269 0.00376859681616 831491.416483
6.294095908 0.00180311171698 831496.404241
6.29883720988 0.00190117550278 831498.89812
6.31583849408 0.00340860230206 831503.885878
6.34590506646 0.00602807333071 831508.873637
6.36038823484 0.00580748613241 831511.367516
6.3759173992 0.0031134557118 831516.355274
6.3806173291 0.0009422930452 831521.343032
6.3847949764 0.000837580152763 831526.33079
6.38743922067 0.00106029368129 831528.824669
6.40060853193 0.0026403267063 831533.812428
6.42446714864 0.0047834348817 831538.800186
6.45209494171 0.00553912033835 831543.787944
6.46186623936 0.00391811198371 831546.281823
6.47308866837 0.00224999458254 831551.269581
6.4881080258 0.00301124407571 831556.25734
6.4984069 0.00206483027599 831561.245098
6.50348134841 0.0020347611765 831563.738977
6.51745988239 0.00280256847464 831568.726735
6.55024447729 0.00657301203703 831573.714494
6.57686863418 0.00533790044479 831578.702252
6.58659528063 0.00390020766655 831581.196131
6.61396073234 0.00548652329012 831586.183889
6.63665898541 0.00455079256446 831591.171647
6.65808445027 0.0042956101431 831596.159406
6.6711600697 0.00524308469656 831598.653285
6.68452582187 0.00267971131444 831603.641043
6.7030945732 0.00372286515704 831608.628801
6.72511903619 0.00441570380068 831613.616559
6.73445667086 0.00374422104367 831616.110439
6.7458391452 0.00228208221177 831621.098197
6.76151866957 0.00314360152319 831626.085955
6.77453280756 0.00260921588036 831631.073713
6.7866478282 0.00485790211944 831633.567592
6.79842313328 0.00236084118805 831638.555351
6.80823315935 0.00196682068596 831643.543109
6.82179663639 0.00271935334673 831648.530867
6.83041228518 0.00345471788959 831651.024746
6.85958565899 0.00584899516766 831656.012504
6.87714151467 0.00351978882496 831661.000263
6.886390335 0.00185430405623 831665.988021
6.89078192125 0.00176094592156 831668.4819
6.89961948628 0.00177185112221 831673.469658
6.90774168785 0.00162842728068 831678.457416
6.91655347457 0.0017666828076 831683.445175
6.92042196424 0.00155119373814 831685.939054
6.93263576029 0.00244875462729 831690.926812
6.94691768273 0.00286339509121 831695.91457
6.95342380218 0.00260883513101 831698.408449
6.97439689055 0.00420491278729 831703.396208
6.99561428742 0.00425389441094 831708.383966
7.00939383697 0.00276267391254 831713.371724
7.01387985663 0.00179881199059 831715.865603
7.02799223471 0.00282940299514 831720.853361
7.04483996257 0.00337781565889 831725.84112
7.05975002051 0.00298933052469 831730.828878
7.0647234405 0.00199425062657 831733.322757
7.07782717512 0.00262717918694 831738.310515
7.13328228989 0.0111182443479 831743.298273
7.2046395321 0.014306475751 831748.286032
7.23863937303 0.0136333155483 831750.779911
7.29974394505 0.0122509089597 831755.767669
7.35962803459 0.0120062133611 831760.755427
7.40611339432 0.00931989033294 831765.743185
7.43006013984 0.00960220780584 831768.237065
7.47689345903 0.00938965302857 831773.224823
7.52548086473 0.0097413313613 831778.212581
7.57501430881 0.00993100342391 831783.200339
7.6144643473 0.0158187452768 831785.694218
7.65395502364 0.00791752015557 831790.681977
7.66511959672 0.00223839499723 831795.669735
7.68465571543 0.00391681348655 831800.657493
7.69572812592 0.00443983447895 831803.151372
7.71447302373 0.00375818091898 831808.13913
7.74339531862 0.00579865613631 831813.126889
7.75926284448 0.00318129410488 831818.114647
7.76986269836 0.00425034790707 831820.608526
7.79236546441 0.00451159919888 831825.596284
7.80983146628 0.00350177395567 831830.584043
7.84320909805 0.00669191051713 831835.571801
7.8504220512 0.00289226254012 831838.06568
7.87857584076 0.0056445778328 831843.053438
7.8982895917 0.00395242712695 831848.041196
7.9192959258 0.0042115782533 831853.028955
7.9307520267 0.00459368733009 831855.522834
7.95595859169 0.00505368620725 831860.510592
7.98576552548 0.00597601816338 831865.49835
8.01221513099 0.00530290448598 831870.486108
8.02922238692 0.00681959916072 831872.979987
8.06247116488 0.00666607650422 831877.967746
8.09741826415 0.00700657442544 831882.955504
8.11144664533 0.00562512476374 831885.449383
8.13054512898 0.00382907165097 831890.437141
8.14289313717 0.00247566293745 831895.4249
8.15402502096 0.00223184109407 831900.412658
8.15823838387 0.00168948160992 831902.906537
8.16774883064 0.00190675777238 831907.894295
8.17661399928 0.00177738539518 831912.882053
8.18601059557 0.00188393178908 831917.869812
8.18983438108 0.0015332681867 831920.363691
8.19936172111 0.00191014471558 831925.351449
8.20798873909 0.00172963836176 831930.339207
8.21786264858 0.00197962872762 831935.326965
8.22349717306 0.00225934145829 831937.820845
8.2367819498 0.00266347648099 831942.808603
8.25053866926 0.00275809668789 831947.796361
8.26704427879 0.00330922405508 831952.784119
8.27922876782 0.00488575767553 831955.277998
8.30226210853 0.00461797457625 831960.265757
8.33016972789 0.00559522295511 831965.253515
8.35322499573 0.0046223707665 831970.241273
8.36111207127 0.0031625733127 831972.735152
8.37666978877 0.00311918035492 831977.72291
8.4111021848 0.00690338112507 831982.710669
8.45704628252 0.00921137223748 831987.698427
8.48187427116 0.00995557021366 831990.192306
8.52783227896 0.00921416108286 831995.180064
8.57076945109 0.00860851110515 832000.167822
8.60488486746 0.00683982959435 832005.155581
8.62051857544 0.00626883150651 832007.64946
8.65451778195 0.00681653057875 832012.637218
8.69996275654 0.00911130260735 832017.624976
8.73954871824 0.00793662400031 832022.612734
8.75934034282 0.0079360801624 832025.106614
9.01743998216 0.0517466218902 832030.094372
9.06009436213 0.00855181385857 832035.08213
9.09301167805 0.00659962138965 832040.069888
9.10252322335 0.00381395603145 832042.563767
9.11526296576 0.00255420207069 832047.551526
9.1272689608 0.00240709242211 832052.539284
9.17469442877 0.00950837345365 832057.527042
9.19981655223 0.0100735129025 832060.020921
9.24780858116 0.00962196375462 832065.008679
9.29467315357 0.00939591901418 832069.996438
9.33749312889 0.00858501421347 832074.984196
9.35249949266 0.00601727792848 832077.478075
9.36969724743 0.00344799285982 832082.465833
9.3907308497 0.00421704527191 832087.453591
9.40377649431 0.00523106533868 832089.947471
9.44126771787 0.00751664812402 832094.935229
9.48744185173 0.00925749238544 832099.922987
9.54541202163 0.0116224899445 832104.910745
9.57503426304 0.0118779780543 832107.404624
