1 0.0838056898658 9.55361665192
1 0.445651654923 9.55367398126
1 0.534337581833 9.55370264594
1 1.23599563894 9.55375997528
1 2.02718888602 9.55381730463
1 2.82857986481 9.55387463397
1 2.96846057287 9.55390329865
1 3.14317616739 9.55396062799
1 3.29732518807 9.55401795734
1 3.45975476908 9.55407528668
1 3.53453766706 9.55410395136
1 3.66514475596 9.5541612807
1 3.79830096024 9.55421861005
1 3.9360961932 9.55427593939
1 3.9996616888 9.55430460406
1 4.13558330429 9.55436193341
1 4.2498526429 9.55441926276
2 4.94927479104 9.5544765921
2 5.18816663442 9.55450525677
3 5.50443063365 9.55456258612
5 6.41192706988 9.55467724481
5 6.48593174347 9.55470590948
5 6.70732362961 9.55476323883
5 7.03313993282 9.55482056817
6 7.32553857383 9.55487789752
6 7.53443984528 9.55490656219
7 8.16568289272 9.55496389154
6 8.57613209692 9.55502122088
6 8.72099598048 9.55507855023
6 8.86049372913 9.5551072149
6 9.16941678986 9.55516454425
6 9.51390329333 9.55522187359
6 9.62921014513 9.55525053827
6 9.85164840299 9.55530786761
6 10.1912259527 9.55536519696
6 10.4317458125 9.5554225263
6 10.5519813351 9.55545119097
7 10.8458675881 9.55550852032
8 11.3434629002 9.55556584967
6 11.906421645 9.55562317901
6 12.0620972489 9.55565184368
6 12.5832568787 9.55570917303
6 12.9466148413 9.55576650237
6 13.1034137013 9.55582383172
6 13.1820099478 9.55585249639
6 13.3106957653 9.55590982574
8 13.5337201823 9.55596715508
9 13.9522012236 9.55602448443
8 14.3717009318 9.5560531491
7 14.7165745312 9.55611047845
7 14.9339980534 9.55616780779
7 15.0746190616 9.55622513714
7 15.1269777543 9.55625380181
8 15.2936813376 9.55631113116
8 15.8726144881 9.5563684605
7 16.3547035306 9.55645445452
7 16.440661839 9.55651178387
7 16.4875301624 9.55656911321
7 16.5505050429 9.55662644256
7 16.5957959426 9.55665510723
7 16.803575999 9.55671243658
7 17.3730942496 9.55676976592
7 17.5551047425 9.55682709527
8 17.6496891181 9.55685575994
9 17.9242159447 9.55691308928
10 18.14737259 9.55697041863
11 18.5316209872 9.55702774798
11 18.7292376488 9.55705641265
11 18.9714125571 9.55711374199
12 19.2350713441 9.55717107134
12 19.3776631165 9.55722840068
12 19.4779273488 9.55725706536
12 19.6899282295 9.5573143947
11 20.0485116025 9.55737172405
11 20.2646494538 9.55740038872
11 20.4869582553 9.55745771807
11 20.611695734 9.55751504741
11 20.7547387841 9.55757237676
11 20.8536475466 9.55760104143
11 21.0947281438 9.55765837078
12 21.3544656927 9.55771570012
13 21.7378750409 9.55777302947
13 21.8521581246 9.55780169414
12 22.0870465133 9.55785902349
12 22.2999615847 9.55791635283
12 22.4485720371 9.55797368218
12 22.5505908896 9.55800234685
12 22.9124612063 9.55805967619
12 23.2337389424 9.55811700554
12 23.579897762 9.55817433489
12 23.7232792163 9.55820299956
12 24.0423857422 9.5582603289
12 24.2495588283 9.55831765825
12 24.4572858776 9.55837498759
12 24.5451773357 9.55840365227
12 24.7619314636 9.55846098161
12 24.9925071372 9.55851831096
12 25.3650712344 9.5585756403
12 25.5028117352 9.55860430498
12 25.7190836926 9.55866163432
12 25.9218421565 9.55871896367
12 26.0495310862 9.55877629301
12 26.1180524909 9.55880495769
12 26.2663537823 9.55886228703
12 26.4033283183 9.55891961638
12 26.550491796 9.55897694572
12 26.6646970084 9.5590056104
12 26.9413141822 9.55906293974
12 27.1319033858 9.55912026909
12 27.2833636654 9.55917759843
12 27.3470766253 9.5592062631
12 27.4635340082 9.55926359245
13 27.6516994412 9.5593209218
13 27.7897130587 9.55937825114
13 27.8689124338 9.55940691581
13 28.0303703138 9.55946424516
13 28.2376374939 9.5595215745
14 28.4335915471 9.55955023918
14 28.7321128496 9.55960756852
14 28.9677464097 9.55966489787
14 29.1464686382 9.55972222721
14 29.2216561017 9.55975089189
14 29.4390469582 9.55980822123
14 29.7308594439 9.55986555058
14 30.0246879478 9.55992287992
14 30.1562009745 9.5599515446
14 30.421519688 9.56000887394
14 30.7060542832 9.56006620329
14 31.0177752962 9.56012353263
14 31.1718093549 9.56015219731
14 31.4898956464 9.56020952665
14 31.7976209427 9.560266856
14 32.035173643 9.56032418534
14 32.1517226547 9.56035285001
14 32.3985684512 9.56041017936
14 32.6467438296 9.56046750871
14 32.881967275 9.56052483805
14 33.0220083345 9.56055350272
15 33.354420521 9.56061083207
15 33.5416410857 9.56066816141
15 33.697739601 9.56072549076
15 33.7816488805 9.56075415543
15 34.0202759777 9.56081148478
15 34.3122003629 9.56086881412
16 34.6609136751 9.56092614347
16 34.8291664473 9.56095480814
16 35.1693239762 9.56101213749
16 35.5205464287 9.56106946683
16 35.7401321842 9.56112679618
16 35.7984013158 9.56115546085
16 35.9314766648 9.5612127902
16 36.0302635106 9.56127011954
16 36.1151397781 9.56132744889
16 36.1664054592 9.56135611356
16 36.2508100074 9.56141344291
16 36.337028234 9.56147077225
16 36.4220066324 9.5615281016
16 36.4848968093 9.56155676627
16 36.8416874099 9.56161409562
16 37.2266140846 9.56167142496
16 37.3344068187 9.56170008963
16 37.500855079 9.56175741898
16 37.7097095258 9.56181474832
16 38.1140995393 9.56187207767
16 38.1706947273 9.56190074234
16 38.2948491571 9.56195807169
16 38.4239542875 9.56201540103
16 38.5494118584 9.56207273038
16 38.6039789271 9.56210139505
16 38.7118668334 9.5621587244
16 38.8132913551 9.56221605374
16 38.9322744572 9.56227338309
16 38.9835274473 9.56230204776
16 39.1700685299 9.56235937711
16 39.331109145 9.56241670645
16 39.4575736161 9.5624740358
16 39.554955771 9.56250270047
16 39.7234148697 9.56256002982
16 39.8524996135 9.56261735916
16 39.9550522754 9.56267468851
16 40.0143068539 9.56270335318
16 40.1649831147 9.56276068253
17 40.4076677075 9.56281801187
18 40.8215106898 9.56287534122
18 40.9784188249 9.56290400589
17 41.2791956115 9.56296133523
18 41.5733684863 9.56301866458
18 41.8266578174 9.56307599393
18 41.9240801462 9.5631046586
18 42.1302874421 9.56316198794
18 42.3145932169 9.56321931729
18 42.465448805 9.56327664663
18 42.5447407973 9.56330531131
17 42.720361336 9.56336264065
17 42.9036978314 9.56341997
17 43.068883145 9.56347729934
17 43.1262406387 9.56350596402
17 43.2629721229 9.56356329336
17 43.4608124152 9.56362062271
17 43.6578234791 9.56367795205
17 43.7582892697 9.56370661673
17 43.9567335505 9.56376394607
17 44.1708541605 9.56382127542
17 44.423067843 9.56387860476
17 44.5398582072 9.56390726944
17 44.7260375095 9.56396459878
17 44.8672403444 9.56402192813
17 44.9306827848 9.5640505928
17 45.0809243497 9.56410792214
17 45.2803139258 9.56416525149
17 45.4977404438 9.56422258084
17 45.5944592377 9.56425124551
