1 0.0520516213908 9.55361655722
1 0.48652601637 9.55367379188
1 0.576997508028 9.5537024092
2 1.38040984847 9.55375964385
2 2.42157411219 9.5538168785
1 2.67447207895 9.55387411315
1 2.81877733752 9.55390273048
1 3.07606619281 9.55395996513
1 3.27469857736 9.55401719978
1 3.4787404671 9.55407443443
1 3.57266645104 9.55410305176
1 3.73813611915 9.55416028641
1 3.89776277296 9.55421752106
1 4.06261178947 9.55427475571
1 4.14430885899 9.55430337304
1 4.28496584373 9.55436060769
1 4.44621730594 9.55441784234
1 4.66073400622 9.55447507699
1 4.76308641778 9.55450369431
1 4.93306287734 9.55456092896
1 5.1471803545 9.55461816362
1 5.29717524591 9.55467539827
1 5.36690449063 9.55470401559
1 5.50949426789 9.55476125024
1 5.64752012082 9.55481848489
1 5.78057818643 9.55487571955
1 5.845854505 9.55490433687
7 6.27482789839 9.55496157152
9 7.05267151117 9.55501880617
9 7.92173394013 9.55507604082
10 8.32409795719 9.55510465815
10 9.05683670523 9.5551618928
10 9.62458851669 9.55521912745
9 10.0687495806 9.5552763621
9 10.2767580916 9.55530497943
8 10.4925027434 9.55536221408
8 10.8670371022 9.55541944873
6 11.1447074653 9.55547668338
6 11.2380746547 9.55550530071
5 11.3874567336 9.55556253536
5 11.5968561107 9.55561977001
5 11.8041242946 9.55567700466
5 11.8886363714 9.55570562198
5 12.0423204237 9.55576285663
5 12.2525379387 9.55582009129
5 12.3966588597 9.55587732594
5 12.4604133612 9.55590594326
5 12.6571366063 9.55596317791
5 12.9363486134 9.55602041256
4 13.2933892631 9.55607764722
4 13.4084550565 9.55610626454
4 13.6406812677 9.55616349919
4 13.8093739167 9.55622073384
4 13.9182999316 9.55627796849
4 13.9753931996 9.55630658582
4 14.0709673277 9.55636382047
4 14.1282864686 9.55642105512
4 14.1654105817 9.55647828977
4 14.1807592162 9.5565069071
4 14.2095034108 9.55656414175
4 14.2436467574 9.5566213764
4 14.470619558 9.55667861105
4 14.5751330567 9.55670722838
4 14.7196279607 9.55676446303
