0.269783526355 0 831185.292821
0.406124767156 0.0312401992333 831189.65711
0.536127202182 0.0297877732902 831194.021398
0.703134380556 0.0382667598978 831198.385687
0.862783039838 0.0365806845675 831202.749975
1.0853934245 0.0510072574336 831207.114263
1.36795070824 0.064743035835 831211.478552
1.42123548707 0.0854648944073 831212.102022
1.50660583697 0.0684639037594 831213.348961
1.54699175192 0.0647760586008 831213.972431
1.65245605239 0.0845785184875 831215.219371
1.70462140899 0.0836694228895 831215.84284
1.74663734043 0.0673904860333 831216.46631
1.81564784273 0.0553439032761 831217.71325
1.8448244609 0.0467971650887 831218.336719
1.90748425752 0.0502508691846 831219.583659
1.94514910551 0.0604116658951 831220.207129
1.97595766883 0.0494146859252 831220.830599
2.037966435 0.0497287665329 831222.077538
2.07444625249 0.0585109635104 831222.701008
2.13802765641 0.0509899645884 831223.947947
2.1644514483 0.042381832737 831224.571417
2.19303284062 0.0458424662692 831225.194887
2.25273015144 0.047875063738 831226.441827
2.28037062506 0.0443333013802 831227.065296
2.33392441474 0.0429481840826 831228.312236
2.35817522986 0.0388965366508 831228.935706
2.37969268896 0.034512433194 831229.559175
2.43138358748 0.0414542133869 831230.806115
2.4583846284 0.0433076980332 831231.429585
2.50992411136 0.0413327836313 831232.676524
2.53365310665 0.0380595757511 831233.299994
2.55680470769 0.0371334775419 831233.923464
2.60759016718 0.0407280843471 831235.170403
2.62918903109 0.0346430005598 831235.793873
2.6530740053 0.0383097545606 831236.417343
2.69942778141 0.0371740360673 831237.664283
2.72460103015 0.0403760528379 831238.287752
2.76764034499 0.0345159591352 831239.534692
2.7885657067 0.0335627522176 831240.158162
2.8058812497 0.0277728666016 831240.781632
2.83712817404 0.0250588925049 831242.028571
2.85289236835 0.0252846165674 831242.652041
2.88844855141 0.0285147606627 831243.89898
2.90075102757 0.0197322734374 831244.52245
2.91672531696 0.0256215937325 831245.14592
2.94470925757 0.0224420986785 831246.39286
2.95549210999 0.0172949079286 831247.016329
2.9796203128 0.0193499377367 831248.263269
2.98834013083 0.0139859513854 831248.886739
3.00155332118 0.0211929924976 831249.510208
3.01993256383 0.0147394815875 831250.757148
3.03687715886 0.0271778931373 831251.380618
3.05291578402 0.0128623918101 831252.627557
3.06511103749 0.0195602960592 831253.251027
3.07678901959 0.0187306305643 831253.874497
3.08763961885 0.00870178445232 831255.121436
3.09984999856 0.0195845574631 831255.744906
3.11125712016 0.00914809505173 831256.991846
3.12123157148 0.0159982915784 831257.615316
3.1335077743 0.0196901329272 831258.238785
3.14194019559 0.00676249400275 831259.485725
3.14733438691 0.0086518890022 831260.109195
3.15776061347 0.00836145304278 831261.356134
3.16256733467 0.00770962981362 831261.979604
3.18134544021 0.0301187101106 831262.603074
3.19084839523 0.00762102297561 831263.850013
3.19843177302 0.0121631842292 831264.473483
3.20949511518 0.00887239649488 831265.720423
3.21649344518 0.0112248103012 831266.343892
3.22235812032 0.00940651068199 831266.967362
3.22850094012 0.00492631720858 831268.214302
3.2328967351 0.00705053417576 831268.837772
3.23952402606 0.00531484538818 831270.084711
3.24230027448 0.00445289973439 831270.708181
3.24491780182 0.00419832273026 831271.331651
3.25131866247 0.00513325654482 831272.57859
3.25493511952 0.00580053303817 831273.20206
3.25711733545 0.00350011499512 831273.82553
3.26060540464 0.00279730414628 831275.072469
3.26233607663 0.00277587149755 831275.695939
3.26679172762 0.00357326941489 831276.942879
3.26883421688 0.00327600363359 831277.566348
3.27318624726 0.00698033895058 831278.189818
3.28781948241 0.0117353203313 831279.436758
3.29464083677 0.0109409543089 831280.060228
3.30419020784 0.00765824695087 831281.307167
3.30754490092 0.0053806827351 831281.930637
3.30890398858 0.00217987736214 831282.554107
3.31775158652 0.00709545052366 831283.801046
3.32055795723 0.00450121370753 831284.424516
3.32359741227 0.00243753196637 831285.671456
3.32511337986 0.0024315013252 831286.294925
3.32691033083 0.0028821781441 831286.918395
3.33127052944 0.00349672009348 831288.165335
3.33290017908 0.00261383902896 831288.788804
3.3360404472 0.0025183803837 831290.035744
3.33728898713 0.00200256686614 831290.659214
3.33829842559 0.00161906557951 831291.282684
3.34651900862 0.00659260746488 831292.529623
3.35611492728 0.0153911528292 831293.153093
3.36405644587 0.00636880796241 831294.400033
3.36658880243 0.0040617150133 831295.023502
3.36884553078 0.00361962749155 831295.646972
3.37532719648 0.00519805924687 831296.893912
3.37649315329 0.00187010958285 831297.517381
3.3804852148 0.00320148757849 831298.764321
3.38247224921 0.00318705810207 831299.387791
3.38419052411 0.00275598747664 831300.011261
3.38830670919 0.00330103015241 831301.2582
3.39035705683 0.0032886078943 831301.88167
3.39751343987 0.00573915792038 831303.128609
3.40971161498 0.0195649821784 831303.752079
3.42505525975 0.0246100858148 831304.375549
3.4571273097 0.0257206131113 831305.622489
3.46846116966 0.0181786837816 831306.245958
3.48656175356 0.0145160074336 831307.492898
3.49097226952 0.00707414554398 831308.116368
3.4933919745 0.00388103011354 831308.739837
3.49745927902 0.00326182972639 831309.986777
3.50315208458 0.00913084443284 831310.610247
3.50693116945 0.00606137617627 831311.233717
3.51271875011 0.00464142838814 831312.480656
3.5149559265 0.00358826756312 831313.104126
3.53750637479 0.0180846362182 831314.351065
3.55588498572 0.0294779499243 831314.974535
3.56609446254 0.0163752553291 831315.598005
3.58062074298 0.0116495465551 831316.844945
3.58301436011 0.00383918709876 831317.468414
3.59105352097 0.00644711349913 831318.715354
3.59318734234 0.00342249366679 831319.338824
3.59849057516 0.00850599821196 831319.962293
3.60719416241 0.00697995920723 831321.209233
4.80175035547 1.91598090755 831321.832703
4.81477453632 0.0104449175265 831323.079642
4.82091015632 0.00984108645861 831323.703112
4.8268241417 0.00948560071246 831324.326582
4.83618156399 0.00750431103799 831325.573521
4.84114610975 0.00796276888214 831326.196991
4.85510771958 0.0111967013485 831327.443931
4.86697233361 0.0190299745566 831328.067401
4.87595161575 0.0144021128955 831328.69087
4.89006150948 0.0113156196131 831329.93781
4.89855791474 0.013627613644 831330.56128
4.91329246305 0.0118165697837 831331.808219
4.92146544673 0.013108869029 831332.431689
4.93162526504 0.0162956066999 831333.055159
4.95623373971 0.0197350982343 831334.302098
4.96576444229 0.0152865510141 831334.925568
4.99315273112 0.0219644077003 831336.172508
5.00460254977 0.0183646730364 831336.795977
5.02232715798 0.0284289773246 831337.419447
5.07604540805 0.0430800753059 831338.666387
5.09805668941 0.0353044880586 831339.289857
5.12691953934 0.0231469518623 831340.536796
5.13897880632 0.0193421836843 831341.160266
5.1508483091 0.0190378157395 831341.783736
5.17412293434 0.0186653996897 831343.030675
5.18234861217 0.0131933865994 831343.654145
5.1975441609 0.0121862752925 831344.901085
5.20532274891 0.0124762871855 831345.524554
5.21530313524 0.016007810905 831346.148024
5.23090655298 0.0125133713472 831347.394964
5.238094446 0.0115288555521 831348.018434
5.2442605795 0.00989002788417 831348.641903
5.25449873635 0.00821062799464 831349.888843
5.26106670816 0.0105345471943 831350.512313
5.27008541643 0.00723267476483 831351.759252
5.27537952699 0.00849136676038 831352.382722
5.28168212854 0.0101089126757 831353.006192
5.29649824782 0.0118819867216 831354.253131
5.30413270825 0.0122451170754 831354.876601
5.32226208941 0.0145391017837 831356.123541
5.32978248097 0.012062158929 831356.74701
5.33744772929 0.0122944985934 831357.37048
5.354526202 0.0136963115752 831358.61742
5.36876362188 0.0228357818825 831359.24089
5.3877382474 0.0152169569051 831360.487829
5.39289371484 0.00826899331161 831361.111299
5.40095052841 0.0129225406598 831361.734769
5.43055692682 0.0237432506005 831362.981708
5.46614272238 0.0570770175995 831363.605178
5.51675404309 0.0405884313989 831364.852118
5.54207144274 0.0406072603721 831365.475587
5.56427271089 0.0356092129832 831366.099057
5.6004015369 0.0289739994063 831367.345997
5.61499135719 0.0234010063878 831367.969466
5.63693237647 0.0175958963975 831369.216406
5.63995655089 0.00485055495849 831369.839876
5.6421270954 0.00348139489567 831370.463346
5.64652686978 0.00352845841477 831371.710285
5.64845902669 0.00309903860163 831372.333755
5.6511473724 0.00215595510825 831373.580694
5.65301162266 0.00299012128273 831374.204164
5.65483417034 0.00292323341055 831374.827634
5.66120956161 0.00511283102925 831376.074574
5.66505547477 0.00616856388288 831376.698043
5.672687952 0.00612096807824 831377.944983
5.67534964183 0.00426915613159 831378.568453
5.67713060283 0.00285653139675 831379.191922
5.68519201494 0.00646495819452 831380.438862
5.69155866072 0.0102116349323 831381.062332
5.7059691443 0.0115566817028 831382.309271
5.71647598545 0.0168522059992 831382.932741
5.72183460449 0.00859483366526 831383.556211
5.72698786679 0.00413272821614 831384.80315
5.73113131539 0.00664578899944 831385.42662
5.73947967376 0.00669507861595 831386.67356
5.74171930925 0.00359221178738 831387.29703
5.74424691889 0.00405410129034 831387.920499
5.74721702565 0.00238191718739 831389.167439
5.74927437897 0.00329984449508 831389.790909
5.75085943258 0.00254231024455 831390.414378
5.75458952651 0.00299139915016 831391.661318
5.75731376893 0.0043694859199 831392.284788
5.76245021041 0.00411923853351 831393.531727
5.76581700509 0.00540009282312 831394.155197
5.76790462935 0.00334839688522 831394.778667
5.7729326612 0.00403229796762 831396.025606
5.77784793248 0.00788373622747 831396.649076
5.79178909594 0.0111803040994 831397.896016
5.79894910668 0.0114841344094 831398.519486
5.80313616742 0.00671573969368 831399.142955
5.8105708073 0.00596230974375 831400.389895
5.8156790006 0.00819316904729 831401.013365
5.82855430911 0.0103255273495 831402.260304
5.83850464882 0.0159596183247 831402.883774
5.844823748 0.0101353736739 831403.507244
5.85258613827 0.00622515358782 831404.754183
5.85541652855 0.00453973933712 831405.377653
5.86206715546 0.00533355996821 831406.624593
5.8642901659 0.00356554642748 831407.248063
5.86634743186 0.00329970437831 831407.871532
5.87102867382 0.00375418513978 831409.118472
5.87388570142 0.00458246365242 831409.741942
5.87788549243 0.00320768635762 831410.988881
5.87940637408 0.00243938310821 831411.612351
5.88178061567 0.00380811014195 831412.235821
5.89158453938 0.0078623888746 831413.48276
5.89734596075 0.00924089918072 831414.10623
5.91448585899 0.0137455726143 831415.35317
5.92214739337 0.0122885417014 831415.976639
5.93216327739 0.0160647466138 831416.600109
5.94835624112 0.0129861657095 831417.847049
5.95378915659 0.00871399969359 831418.470519
5.96885527009 0.0120824729671 831419.717458
5.97136556397 0.00402632808279 831420.340928
5.97511519057 0.00601412727258 831420.964398
5.98431333512 0.00737657610251 831422.211337
5.98730980202 0.00480611410468 831422.834807
5.99124765372 0.00315801329825 831424.081747
5.99172549239 0.000766418331296 831424.705216
5.99285424808 0.00181044170532 831425.328686
5.99851907487 0.00454298426337 831426.575626
6.00038226535 0.00298842147985 831427.199095
6.00135593918 0.00156170171657 831427.822565
6.00519646159 0.00307995876019 831429.069505
6.00725122177 0.00329568529451 831429.692975
6.01354845755 0.00505015318392 831430.939914
6.0186677988 0.00821104954826 831431.563384
6.02696426137 0.0133069201586 831432.186854
6.04226996155 0.012274612729 831433.433793
6.0466159955 0.00697072111498 831434.057263
6.0554343769 0.00707201992084 831435.304203
6.06195119869 0.0104525063014 831435.927672
6.07055133056 0.0137939835374 831436.551142
6.08466001079 0.0113146464392 831437.798082
6.09157820997 0.0110962863162 831438.421551
6.11016110084 0.014902800023 831439.668491
6.11387276786 0.00595324286572 831440.291961
6.12088739224 0.0112509453098 831440.915431
6.14573827579 0.0199295012986 831442.16237
6.15288343308 0.0114603105637 831442.78584
6.16384047195 0.00878714513099 831444.032779
6.16656891225 0.00437621900589 831444.656249
6.16815531813 0.00254447919051 831445.279719
6.17388724399 0.0045967952686 831446.526659
6.17672994166 0.00455947948994 831447.150128
6.18363442716 0.0055371452922 831448.397068
6.18632752824 0.00431953748124 831449.020538
6.18907383083 0.00440486881934 831449.644007
6.19714302546 0.0064711994903 831450.890947
6.20123069139 0.00655631766482 831451.514417
6.21080965777 0.00768198131366 831452.761356
6.2190415978 0.013203430707 831453.384826
6.22116160871 0.003400342689 831454.008296
6.23567784578 0.0116414921493 831455.255236
6.24423416088 0.0137237046363 831455.878705
6.27754493463 0.0178093495824 831457.749115
6.28469825886 0.0114734097296 831458.372584
6.29870885685 0.0112359880614 831459.619524
6.30532958205 0.0106191597742 831460.242994
6.31312611315 0.00625253329522 831461.489933
6.31775401404 0.0074228150979 831462.113403
6.32000353197 0.0036080624968 831462.736873
6.3279899931 0.00640485024102 831463.983812
6.33095373288 0.00475362220065 831464.607282
6.33648096241 0.00886527257336 831465.230752
6.34976707164 0.0106549745296 831466.477692
6.35274534635 0.00477693515836 831467.101161
6.35779952199 0.00405326433233 831468.348101
6.36227126933 0.00717235621165 831468.971571
6.36748087769 0.00835583139896 831469.59504
6.37338943132 0.00473844429018 831470.84198
6.37856042544 0.00829389699654 831471.46545
6.40328590062 0.0198289283682 831472.712389
6.41116727895 0.0126411553367 831473.335859
6.42501295498 0.0222074533483 831473.959329
6.45284134322 0.022317351354 831475.206268
6.46273353597 0.0158663548447 831475.829738
6.47671993648 0.0112165825738 831477.076678
6.48042269004 0.00593894632851 831477.700148
6.48346616301 0.00488150841591 831478.323617
6.49269994588 0.00740515673553 831479.570557
6.49397076277 0.00203829749025 831480.194027
6.50189298375 0.0063533319929 831481.440966
6.51121296145 0.0149485636745 831482.064436
