1 0.492569799276 9.55365248276
2 0.492569799276 9.55365248276
2 0.75609677318 9.55370264594
2 1.01428779138 9.55375280911
2 1.32978190058 9.55380297229
2 1.65275949199 9.55385313547
2 2.09529218694 9.55390329865
4 2.79335161407 9.55395346182
5 2.96794140745 9.55396062799
5 3.19486226146 9.55397496033
5 3.31716206362 9.5539821265
5 3.49113470785 9.55399645883
5 3.59541925592 9.554003625
5 3.68309912032 9.55401079117
5 3.82727379608 9.55402512351
5 3.8775693859 9.55403228967
5 4.00711900857 9.55404662201
5 4.07239876491 9.55405378818
5 4.1558227592 9.55406095435
5 4.35135512951 9.55407528668
5 4.46590490836 9.55408245285
5 4.64538124556 9.55409678519
5 4.69775132699 9.55410395136
5 4.74814990111 9.55411111752
5 4.88460361375 9.55412544986
5 4.93878352714 9.55413261603
5 5.05021747127 9.55414694836
5 5.10919578369 9.55415411453
5 5.16231425263 9.5541612807
5 5.25641791535 9.55417561304
5 5.30867522382 9.55418277921
4 5.42764694481 9.55419711154
4 5.48498741174 9.55420427771
4 5.53554550869 9.55421144388
4 5.6297026051 9.55422577621
4 5.67348279918 9.55423294238
4 5.72171734621 9.55424010855
4 5.8059936349 9.55425444089
4 5.85142257561 9.55426160706
4 5.96211170195 9.55427593939
4 6.02091708807 9.55428310556
4 6.07650272271 9.55429027173
4 6.19190460305 9.55430460406
4 6.24304439229 9.55431177023
4 6.35754084087 9.55432610257
4 6.39716008691 9.55433326874
4 6.44752020767 9.55434043491
4 6.53603344564 9.55435476724
4 6.57040252729 9.55436193341
4 6.64612988053 9.55437626575
4 6.67837579701 9.55438343191
4 6.72017140285 9.55439059808
4 6.78367561925 9.55440493042
4 6.83615897138 9.55441209659
4 6.90677662822 9.55442642892
4 6.9512622106 9.55443359509
4 6.99176091699 9.55444076126
4 7.05484791135 9.5544550936
4 7.10127762585 9.55446225976
4 7.15815032782 9.5544765921
4 7.19359839796 9.55448375827
4 7.23485185891 9.55449092444
4 7.29105119873 9.55450525677
4 7.32008443811 9.55451242294
4 7.36490287089 9.55452675528
4 7.39845406975 9.55453392145
4 7.46291171081 9.55454108761
4 7.51597928512 9.55455541995
4 7.5545820376 9.55456258612
4 7.62499058938 9.55457691846
4 7.65647911528 9.55458408462
4 7.6822767845 9.55459125079
4 7.7328923142 9.55460558313
4 7.75186025797 9.5546127493
4 7.78347470258 9.55462708163
4 7.79902910684 9.5546342478
4 7.81424506095 9.55464141397
4 7.83824647334 9.55465574631
4 7.85450280908 9.55466291247
4 7.87581122328 9.55467007864
4 7.89545677398 9.55468441098
4 7.90728601032 9.55469157715
4 7.94940296497 9.55470590948
5 7.97952392294 9.55471307565
7 8.05833914731 9.55472024182
7 8.21658006281 9.55473457416
7 8.27665960402 9.55474174032
6 8.37448041762 9.55475607266
6 8.40274835251 9.55476323883
6 8.42893028366 9.554770405
6 8.50217858338 9.55478473733
6 8.54151003099 9.5547919035
6 8.60728882142 9.55480623584
6 8.6351645136 9.55481340201
6 8.67267484966 9.55482056817
6 8.72938078865 9.55483490051
6 8.74768306971 9.55484206668
7 8.84356233309 9.55485639902
7 8.87776664544 9.55486356518
7 8.94200599121 9.55487073135
8 9.13265615224 9.55488506369
8 9.20379316893 9.55489222986
9 9.3400382441 9.55490656219
9 9.39698774392 9.55491372836
9 9.46047950965 9.55492089453
9 9.66976449061 9.55493522687
9 9.71629023779 9.55494239303
9 9.79211306047 9.55495672537
9 9.8261383322 9.55496389154
9 9.8692615076 9.55497105771
9 9.94804009816 9.55498539004
9 9.99398406976 9.55499255621
10 10.1852785408 9.55500688855
10 10.3343216393 9.55501405472
10 10.4624333649 9.55502122088
10 10.757927183 9.55503555322
10 10.8718247172 9.55504271939
10 11.0468324051 9.55505705172
9 11.1070697609 9.55506421789
9 11.1537341002 9.55507138406
9 11.2412404714 9.5550857164
9 11.296750309 9.55509288257
9 11.3575571903 9.55510004873
9 11.5336927159 9.55511438107
9 11.6048681605 9.55512154724
9 11.843863127 9.55513587957
9 11.9964143067 9.55514304574
9 12.0884894376 9.55515021191
9 12.1990691713 9.55516454425
9 12.2317062547 9.55517171042
9 12.297889016 9.55518604275
9 12.3209376782 9.55519320892
9 12.3538319704 9.55520037509
9 12.3957410654 9.55521470742
8 12.4423576317 9.55522187359
8 12.4882493323 9.55523620593
8 12.5068239688 9.5552433721
8 12.5263067072 9.55525053827
8 12.561502954 9.5552648706
8 12.610313598 9.55527203677
8 12.6921959057 9.55528636911
8 12.7357641585 9.55529353527
8 12.7630461443 9.55530070144
8 12.8314428147 9.55531503378
8 12.8882286561 9.55532219995
8 12.9388737179 9.55533653228
8 12.9858388115 9.55534369845
8 13.0353028441 9.55535086462
8 13.1429297032 9.55536519696
8 13.1841450863 9.55537236312
8 13.3055460615 9.55538669546
8 13.3523862096 9.55539386163
8 13.4244849744 9.5554010278
8 13.5920631971 9.55541536013
8 13.6734802729 9.5554225263
8 13.8358125846 9.55543685864
8 13.8743614762 9.55544402481
8 13.9120856509 9.55545119097
8 13.9826098239 9.55546552331
8 14.0115529715 9.55547268948
8 14.0685974787 9.55548702182
8 14.0961442716 9.55549418798
8 14.1425533837 9.55550135415
8 14.2309421502 9.55551568649
8 14.2614832704 9.55552285266
8 14.2891547802 9.55553001882
8 14.3444020517 9.55554435116
8 14.3812389969 9.55555151733
8 14.427606569 9.55556584967
8 14.4578653348 9.55557301583
8 14.4932577247 9.555580182
8 14.560596255 9.55559451434
8 14.6064689003 9.55560168051
8 14.6920472417 9.55561601284
8 14.7388730809 9.55562317901
8 14.7829685927 9.55563034518
8 14.890001625 9.55564467752
8 14.9437047001 9.55565184368
8 15.0553432216 9.55566617602
8 15.0933520198 9.55567334219
8 15.1415675644 9.55568050836
8 15.2418922825 9.55569484069
8 15.3213509998 9.55570200686
8 15.5206523075 9.5557163392
8 15.6075856583 9.55572350537
8 15.683098667 9.55573067153
8 15.7784742253 9.55574500387
8 15.8168769808 9.55575217004
8 15.8819267477 9.55576650237
8 15.8969150846 9.55577366854
8 15.911818829 9.55578083471
8 15.9380058659 9.55579516705
8 15.9518982129 9.55580233322
8 15.9766882347 9.55581666555
8 15.9909555911 9.55582383172
8 16.0023700565 9.55583099789
8 16.0285348995 9.55584533022
8 16.0445369083 9.55585249639
8 16.068331717 9.55586682873
8 16.0783473712 9.5558739949
8 16.0913475393 9.55588116107
9 16.1388102751 9.5558954934
9 16.1753832292 9.55590265957
9 16.2483326772 9.55591699191
9 16.2890711262 9.55592415807
9 16.3306836928 9.55593132424
9 16.3866258875 9.55594565658
9 16.4272422859 9.55595282275
9 16.4612764475 9.55596715508
9 16.4698820483 9.55597432125
9 16.4840735512 9.55598148742
9 16.5059229212 9.55599581976
9 16.5212219485 9.55600298592
9 16.5350147056 9.55601015209
9 16.5687843152 9.55602448443
9 16.591949674 9.5560316506
9 16.6295165673 9.55604598293
9 16.6514357432 9.5560531491
10 16.6802838249 9.55606031527
10 16.7320536767 9.55607464761
10 16.7612247957 9.55608181378
10 16.8217705494 9.55609614611
10 16.8530359421 9.55610331228
10 16.8910847807 9.55611047845
10 16.9615908554 9.55612481078
10 17.0114958499 9.55613197695
10 17.081474673 9.55614630929
10 17.1123425718 9.55615347546
10 17.13513413 9.55616064163
10 17.1662594298 9.55617497396
10 17.177599088 9.55618214013
10 17.2090179374 9.55619647247
10 17.2254347696 9.55620363863
10 17.2445431902 9.5562108048
10 17.2806595624 9.55622513714
10 17.2993970618 9.55623230331
10 17.3407981764 9.55624663564
10 17.3535404452 9.55625380181
10 17.3775365575 9.55626096798
10 17.4216131909 9.55627530032
10 17.4544016364 9.55628246648
10 17.5161948661 9.55629679882
10 17.5542597821 9.55630396499
11 17.6704404993 9.55631113116
11 17.8402913392 9.55632546349
11 17.8869162867 9.55633262966
12 17.9952423927 9.556346962
12 18.036381325 9.55635412817
12 18.0677419319 9.55636129433
12 18.13213309 9.55637562667
12 18.1610766749 9.55638279284
12 18.207888971 9.55639712518
12 18.2308259826 9.55640429134
12 18.25829343 9.55641145751
12 18.3048254644 9.55642578985
12 18.3283566849 9.55643295602
12 18.3501519671 9.55644012218
12 18.3912428535 9.55645445452
12 18.4072868714 9.55646162069
12 18.4542776699 9.55647595303
12 18.4749500661 9.55648311919
12 18.5032370428 9.55649028536
12 18.5621821496 9.5565046177
12 18.6061628048 9.55651178387
12 18.6786193618 9.5565261162
12 18.7599902558 9.55653328237
12 18.8120939235 9.55654044854
12 18.9002772332 9.55655478088
12 18.9395178135 9.55656194704
12 19.0323745983 9.55657627938
12 19.0588914277 9.55658344555
12 19.0924456242 9.55659061172
12 19.2834578516 9.55660494405
12 19.3284726926 9.55661211022
12 19.3938056893 9.55662644256
12 19.4225984847 9.55663360873
12 19.4475931346 9.55664077489
12 19.5026241475 9.55665510723
12 19.5323565752 9.5566622734
12 19.589740558 9.55667660573
12 19.6148013771 9.5566837719
13 19.6554004023 9.55669093807
13 19.7655348775 9.55670527041
13 19.8011059066 9.55671243658
13 19.8779208215 9.55672676891
13 19.947315275 9.55673393508
13 19.989307587 9.55674110125
14 20.1055598517 9.55675543358
14 20.1729684974 9.55676259975
14 20.3647929165 9.55678409826
14 20.4114622753 9.55679126443
14 20.5182081436 9.55680559676
14 20.585285133 9.55681276293
14 20.6750146197 9.55682709527
14 20.7241646311 9.55683426143
14 20.7611273769 9.5568414276
14 20.8395884692 9.55685575994
14 20.8668908791 9.55686292611
14 20.9004960809 9.55687009228
14 20.9606730332 9.55688442461
14 20.9809508947 9.55689159078
14 21.0166212438 9.55690592312
14 21.034583485 9.55691308928
14 21.0587971687 9.55692025545
14 21.0930355232 9.55693458779
14 21.1135133739 9.55694175396
14 21.165991805 9.55695608629
14 21.1943592055 9.55696325246
13 21.2250714113 9.55697041863
13 21.2900438269 9.55698475097
13 21.3158343525 9.55699191713
13 21.3531336532 9.55700624947
13 21.370944832 9.55701341564
13 21.3855875552 9.55702058181
13 21.4224152213 9.55703491414
13 21.4338987406 9.55704208031
13 21.4777119616 9.55705641265
13 21.5064538827 9.55706357882
13 21.5555231198 9.55707074498
13 21.6245794467 9.55708507732
13 21.6485103437 9.55709224349
13 21.7187953412 9.55710657583
13 21.758592113 9.55711374199
