1 0.71781618012 9.55387463397
1 1.11628565597 9.55390329865
1 1.78004283006 9.55396062799
1 2.15428066116 9.55401795734
1 2.32122518452 9.55407528668
1 2.40039061615 9.55410395136
1 2.51834305029 9.5541612807
1 2.64915075906 9.55421861005
1 2.81889277496 9.55427593939
1 2.93407040478 9.55430460406
1 3.18693244633 9.55436193341
2 3.94802584162 9.55441926276
1 4.27030059979 9.5544765921
1 4.37022735373 9.55450525677
1 4.57877165029 9.55456258612
1 5.14482358297 9.55461991546
1 5.88162412482 9.55467724481
1 6.21110218252 9.55470590948
1 6.84024926732 9.55476323883
1 7.33915501555 9.55482056817
1 7.83055602037 9.55487789752
1 8.08182368777 9.55490656219
1 8.5090877173 9.55496389154
1 9.17024601797 9.55502122088
1 9.59024980889 9.55507855023
1 9.83172800432 9.5551072149
1 10.304746256 9.55516454425
1 10.6915004694 9.55522187359
1 10.9141907658 9.55525053827
1 11.3713165259 9.55530786761
1 11.8245872698 9.55536519696
1 12.2006520952 9.5554225263
1 12.3843228635 9.55545119097
1 12.8100207132 9.55550852032
1 13.1849582087 9.55556584967
1 13.5206510641 9.55562317901
1 13.6916923008 9.55565184368
1 13.962410384 9.55570917303
1 14.2316420087 9.55576650237
1 14.4564748321 9.55582383172
1 14.566294137 9.55585249639
1 14.7685335584 9.55590982574
1 14.9756576196 9.55596715508
1 15.1575640936 9.55602448443
1 15.2420830523 9.5560531491
1 15.4124061637 9.55611047845
1 15.5734586897 9.55616780779
1 15.7471664693 9.55622513714
1 15.826424478 9.55625380181
1 16.0108041061 9.55631113116
1 16.1747434747 9.5563684605
1 16.311502062 9.55642578985
1 16.3914834517 9.55645445452
1 16.5226168898 9.55651178387
1 16.7010832177 9.55656911321
1 16.8969942168 9.55662644256
1 17.0252656433 9.55665510723
1 17.3348840938 9.55671243658
1 17.5559342882 9.55676976592
1 17.7713851512 9.55682709527
1 17.8697598996 9.55685575994
1 18.0240379545 9.55691308928
1 18.2115902458 9.55697041863
1 18.3716583881 9.55702774798
1 18.4467901612 9.55705641265
1 18.5947211252 9.55711374199
1 18.7524699064 9.55717107134
1 18.8925259872 9.55722840068
1 18.9779742783 9.55725706536
1 19.1383905747 9.5573143947
1 19.2761190158 9.55737172405
1 19.3526091198 9.55740038872
1 19.4963167972 9.55745771807
1 19.6309800457 9.55751504741
1 19.7572740524 9.55757237676
1 19.8198859206 9.55760104143
1 19.959786553 9.55765837078
1 20.0620153477 9.55771570012
1 20.1736861433 9.55777302947
1 20.2370563004 9.55780169414
1 20.3414103405 9.55785902349
1 20.4429166723 9.55791635283
1 20.5424476826 9.55797368218
1 20.5873529819 9.55800234685
1 20.6753116504 9.55805967619
1 20.7640872336 9.55811700554
1 20.854220565 9.55817433489
1 20.9026427827 9.55820299956
1 20.9856195329 9.5582603289
1 21.0817316782 9.55831765825
1 21.1794919705 9.55837498759
1 21.2236477651 9.55840365227
1 21.308728879 9.55846098161
1 21.3932676602 9.55851831096
1 21.4735927095 9.5585756403
1 21.5274587651 9.55860430498
1 21.6255743308 9.55866163432
1 21.7188208305 9.55871896367
1 21.7961001049 9.55877629301
1 21.8297216837 9.55880495769
1 21.9020959761 9.55886228703
1 21.9970119716 9.55891961638
1 22.0979812917 9.55897694572
1 22.1525624822 9.5590056104
1 22.2365143647 9.55906293974
1 22.3233656966 9.55912026909
1 22.4302835201 9.55917759843
1 22.4813527799 9.5592062631
1 22.5873139547 9.55926359245
1 22.6911519446 9.5593209218
1 22.7824221259 9.55937825114
1 22.8224999363 9.55940691581
1 22.9170003116 9.55946424516
1 23.0051082728 9.5595215745
1 23.0596816707 9.55955023918
1 23.1454405951 9.55960756852
1 23.23650515 9.55966489787
1 23.3346822316 9.55972222721
1 23.3685308504 9.55975089189
1 23.4557324299 9.55980822123
1 23.5476482483 9.55986555058
2 23.8337717051 9.55992287992
2 23.8874506705 9.5599515446
2 24.0015157737 9.56000887394
3 24.6447659769 9.56006620329
4 25.2584183891 9.56012353263
5 25.6912813776 9.56015219731
6 27.5345935342 9.56020952665
6 28.3575999382 9.560266856
8 29.73518974 9.56032418534
8 30.0155800365 9.56035285001
8 30.6759151599 9.56041017936
9 31.7083467646 9.56046750871
8 32.2275371354 9.56052483805
8 32.5113853135 9.56055350272
7 32.8963726665 9.56061083207
7 33.2213487745 9.56066816141
7 33.4373866478 9.56072549076
7 33.5751769664 9.56075415543
7 33.8284728891 9.56081148478
7 34.0657786472 9.56086881412
6 34.2622994227 9.56092614347
6 34.3584161812 9.56095480814
6 34.6438242237 9.56101213749
6 34.9382375581 9.56106946683
7 35.4376545944 9.56112679618
7 35.6425612918 9.56115546085
7 36.0099465572 9.5612127902
7 36.3541265876 9.56127011954
7 36.6819727622 9.56132744889
7 36.8376838702 9.56135611356
6 37.1851016236 9.56141344291
6 37.5190674172 9.56147077225
6 37.7740837618 9.5615281016
5 37.8921555947 9.56155676627
5 38.0993759596 9.56161409562
5 38.3187315552 9.56167142496
5 38.4117661061 9.56170008963
5 38.6094640125 9.56175741898
5 38.7750751832 9.56181474832
5 38.8823240359 9.56187207767
5 38.9264781999 9.56190074234
5 39.0162752494 9.56195807169
5 39.0973990019 9.56201540103
5 39.2004794367 9.56207273038
5 39.273361235 9.56210139505
5 39.4496198146 9.5621587244
5 39.5527405554 9.56221605374
4 39.7168577894 9.56227338309
4 39.8175498097 9.56230204776
4 39.9159761462 9.56235937711
4 40.1326765003 9.56241670645
5 40.7245815995 9.5624740358
5 40.8808750821 9.56250270047
5 41.1206693521 9.56256002982
5 41.3293641879 9.56261735916
5 41.5162649072 9.56267468851
5 41.6102936841 9.56270335318
5 41.7786147817 9.56276068253
5 41.9023393294 9.56281801187
5 41.9981723799 9.56287534122
5 42.0561075063 9.56290400589
5 42.2847540602 9.56296133523
5 42.4396064539 9.56301866458
5 42.6240977357 9.56307599393
5 42.7084703343 9.5631046586
5 42.9338576507 9.56316198794
5 43.2439007909 9.56321931729
5 43.5145005185 9.56327664663
5 43.611714768 9.56330531131
5 43.8438375225 9.56336264065
5 43.9516842665 9.56341997
5 44.0233194089 9.56347729934
5 44.0620491661 9.56350596402
5 44.1318721457 9.56356329336
5 44.2215809442 9.56362062271
5 44.4830279721 9.56367795205
5 44.584178956 9.56370661673
5 44.7025946171 9.56376394607
5 44.8306701978 9.56382127542
5 44.9693391641 9.56387860476
5 45.0371988515 9.56390726944
5 45.176464686 9.56396459878
5 45.4025051421 9.56402192813
5 45.52978431 9.5640505928
5 45.7534558722 9.56410792214
5 45.9161636559 9.56416525149
5 46.0379224543 9.56422258084
5 46.1017234802 9.56425124551
5 46.2683345151 9.56430857485
5 46.416046725 9.5643659042
5 46.569386513 9.56442323354
5 46.6311296445 9.56445189822
5 46.7564666476 9.56450922756
5 46.907571822 9.56456655691
5 47.0179369328 9.56462388625
5 47.087063871 9.56465255093
5 47.2031860991 9.56470988027
5 47.3018727169 9.56476720962
5 47.4069654074 9.56482453896
5 47.4552735889 9.56485320364
5 47.5811406056 9.56491053298
5 47.7089339612 9.56496786233
5 47.8755888154 9.56502519167
5 47.9858421998 9.56505385634
5 48.2469490577 9.56511118569
5 48.4956822269 9.56516851504
5 48.7808350343 9.56522584438
5 48.91827503 9.56525450905
5 49.1686164992 9.5653118384
5 49.4357046129 9.56536916775
5 49.6108667615 9.56542649709
5 49.6773630479 9.56545516176
5 49.774027982 9.56551249111
5 49.941797609 9.56556982045
5 50.1906799528 9.5656271498
5 50.31312426 9.56565581447
5 50.5012283317 9.56571314382
5 50.7708067236 9.56577047316
5 51.0955417843 9.56582780251
5 51.2111393856 9.56585646718
5 51.3913997302 9.56591379653
5 51.5385500396 9.56597112587
5 51.698090806 9.56602845522
5 51.7763212242 9.56605711989
5 51.9730444815 9.56611444924
5 52.1001678054 9.56617177858
5 52.1495012272 9.56620044325
5 52.2335700176 9.5662577726
5 52.3611220224 9.56631510195
5 52.5048902284 9.56637243129
5 52.5843099756 9.56640109596
5 52.7689270408 9.56645842531
5 52.911917693 9.56651575466
5 53.0249805813 9.566573084
5 53.1276112513 9.56660174867
5 53.466840726 9.56665907802
5 53.8533406784 9.56671640736
5 54.1930408816 9.56677373671
5 54.3162565551 9.56680240138
5 54.5584322622 9.56685973073
5 54.7291525089 9.56691706007
5 54.8823097946 9.56697438942
5 54.9797143047 9.56700305409
5 55.1754059756 9.56706038344
5 55.4434276328 9.56711771278
5 55.7471423151 9.56717504213
5 55.8534832984 9.5672037068
5 56.0549327438 9.56726103615
5 56.2471041181 9.56731836549
6 56.6969104864 9.56737569484
6 56.7860104672 9.56740435951
6 56.9474783202 9.56746168886
6 57.0960114398 9.5675190182
6 57.3013762939 9.56757634755
6 57.3740503191 9.56760501222
6 57.5273660266 9.56766234156
6 57.7537205632 9.56771967091
6 57.9562324496 9.56777700026
6 58.0163137858 9.56780566493
6 58.1146559352 9.56786299427
6 58.2247438547 9.56792032362
6 58.3753440651 9.56797765297
6 58.4452061062 9.56800631764
6 58.5852954528 9.56806364698
6 58.7282222826 9.56812097633
6 58.8885202349 9.56817830567
6 58.9628026863 9.56820697035
6 59.1432126434 9.56826429969
6 59.3642320837 9.56832162904
6 59.4539206136 9.56835029371
6 59.6263655071 9.56840762306
6 59.8079057423 9.5684649524
6 60.119883252 9.56852228175
6 60.2790000168 9.56855094642
6 60.6088311328 9.56860827577
6 60.8918097958 9.56866560511
6 61.142579501 9.56872293446
5 61.2671321239 9.56875159913
5 61.5039396738 9.56880892847
5 61.7396344023 9.56886625782
5 61.9050034639 9.56892358717
5 62.0221284298 9.56895225184
4 62.3263124138 9.56900958118
4 62.5360039685 9.56906691053
4 62.6704459473 9.56912423988
4 62.7208991988 9.56915290455
4 62.8104958117 9.56921023389
4 62.8942650149 9.56926756324
4 63.0064653416 9.56932489258
4 63.067045967 9.56935355726
4 63.1696259303 9.5694108866
4 63.2701044993 9.56946821595
4 63.3826597216 9.56952554529
4 63.448037474 9.56955420997
4 63.7584270567 9.56961153931
4 63.9819715454 9.56966886866
4 64.0834486712 9.569726198
4 64.1376233746 9.56975486268
4 64.2453326548 9.56981219202
4 64.38622333 9.56986952137
4 64.5289516114 9.56992685071
4 64.6042197222 9.56995551538
4 64.8004046142 9.57001284473
4 65.1460020875 9.57007017408
4 65.2792747895 9.57012750342
4 65.3271723557 9.57015616809
4 65.4128259164 9.57021349744
4 65.4929805058 9.57027082678
4 65.5697247873 9.57032815613
4 65.6131172338 9.5703568208
4 65.7606769622 9.57041415015
4 65.9249083341 9.57047147949
4 66.0246542432 9.57050014417
4 66.2398656706 9.57055747351
4 66.4915216088 9.57061480286
4 66.7870403484 9.5706721322
4 66.9791171245 9.57070079688
4 67.358702854 9.57075812622
4 67.6600773852 9.57081545557
4 67.9280836998 9.57087278491
4 68.0228088448 9.57090144959
4 68.2140238915 9.57095877893
4 68.4012760484 9.57101610828
4 68.5970180727 9.57107343762
4 68.7290824367 9.57110210229
4 68.9128389736 9.57115943164
4 69.0637937517 9.57121676099
4 69.2120996526 9.57127409033
4 69.2815517054 9.571302755
4 69.3779139433 9.57136008435
4 69.4685060394 9.57141741369
4 69.5981746518 9.57147474304
4 69.6395210054 9.57150340771
4 69.706179669 9.57156073706
4 69.7648925843 9.5716180664
4 69.8248843304 9.57167539575
4 69.8569205126 9.57170406042
4 69.9716275914 9.57176138977
4 70.0848046508 9.57181871911
4 70.1639491514 9.57187604846
4 70.1963617506 9.57190471313
4 70.2673892942 9.57196204248
4 70.3460215018 9.57201937182
4 70.452726474 9.57207670117
4 70.5875456485 9.57210536584
4 70.7132704407 9.57216269519
4 70.8067141391 9.57222002453
4 70.8897711945 9.57227735388
4 70.924502397 9.57230601855
4 70.9960695371 9.5723633479
4 71.0811520966 9.57242067724
4 71.302798521 9.57247800659
4 71.4023121104 9.57250667126
4 71.5031886542 9.5725640006
4 71.5891127075 9.57262132995
4 71.6629070996 9.5726786593
4 71.6965276866 9.57270732397
4 71.8099715892 9.57276465331
4 72.0498714402 9.57282198266
4 72.1775934728 9.57285064733
4 72.3126449452 9.57290797668
4 72.4038620127 9.57296530602
4 72.4823908864 9.57302263537
4 72.5186956476 9.57305130004
4 72.5901779448 9.57310862939
4 72.6784201021 9.57316595873
4 72.8834625454 9.57322328808
4 72.9979949995 9.57325195275
4 73.1270223223 9.5733092821
4 73.2243934739 9.57336661144
4 73.3265983535 9.57342394079
4 73.3771208749 9.57345260546
4 73.4821815142 9.57350993481
4 73.61978364 9.57356726415
4 73.7929801728 9.5736245935
4 73.8598926309 9.57365325817
4 73.9650055086 9.57371058751
4 74.0574279743 9.57376791686
4 74.1377250184 9.57382524621
4 74.1767115712 9.57385391088
4 74.3059517779 9.57391124022
4 74.5566602506 9.57396856957
4 74.7070418077 9.57402589891
4 74.7654086013 9.57405456359
4 74.8607549873 9.57411189293
4 74.9429327563 9.57416922228
4 75.0227907352 9.57422655162
4 75.0622138139 9.5742552163
4 75.1397607734 9.57431254564
4 75.2260839727 9.57436987499
4 75.3607537812 9.57442720433
4 75.4403832813 9.57445586901
4 75.5536403941 9.57451319835
4 75.6531563238 9.5745705277
4 75.7551941457 9.57462785704
4 75.8019081267 9.57465652172
4 75.9044790914 9.57471385106
4 76.0823425958 9.57477118041
4 76.3043938444 9.57482850975
4 76.3877011485 9.57485717442
4 76.4994884708 9.57491450377
4 76.5856329659 9.57497183312
4 76.6252080967 9.57500049779
4 76.7010410159 9.57505782713
4 76.7824962268 9.57511515648
4 76.8680499217 9.57517248582
4 76.9470985541 9.5752011505
4 77.1032273276 9.57525847984
4 77.2174330548 9.57531580919
4 77.297970803 9.57537313853
4 77.3348907758 9.57540180321
4 77.4101478949 9.57545913255
4 77.4785372892 9.5755164619
4 77.5540055898 9.57557379124
4 77.6039676745 9.57560245592
4 77.7147763176 9.57565978526
4 77.8094183059 9.57571711461
5 78.2660934284 9.57577444395
5 78.3527802501 9.57580310863
5 78.4933502505 9.57586043797
5 78.6206580781 9.57591776732
5 78.7570079831 9.57597509666
5 78.8329119072 9.57600376133
5 78.9911752953 9.57606109068
5 79.1274073424 9.57611842003
5 79.2424449508 9.57617574937
5 79.2989348265 9.57620441404
5 79.3976278306 9.57626174339
5 79.5011344278 9.57631907273
5 79.6285839368 9.57637640208
5 79.7020811751 9.57640506675
5 79.8822050706 9.5764623961
5 80.0512384121 9.57651972544
5 80.2068400678 9.57657705479
5 80.2812184612 9.57660571946
5 80.4395347453 9.57666304881
5 80.6520218937 9.57672037815
5 81.0277593475 9.5767777075
5 81.4149398223 9.57680637217
5 82.1848063255 9.57686370152
5 82.5971214209 9.57692103086
5 82.8443567862 9.57697836021
5 82.9484298525 9.57700702488
5 83.1213778571 9.57706435423
5 83.2817570474 9.57712168357
5 83.3494242883 9.57715034824
5 83.4591920277 9.57720767759
5 83.549104089 9.57726500694
5 83.6669782412 9.57732233628
5 83.7272604443 9.57735100095
5 83.8271382566 9.5774083303
5 83.9118029658 9.57746565964
5 83.9887204697 9.57752298899
5 84.0300737105 9.57755165366
5 84.134865115 9.57760898301
5 84.3337123674 9.57766631235
5 84.6487811249 9.5777236417
5 84.7862837687 9.57775230637
5 84.9787102799 9.57780963572
5 85.1507698109 9.57786696506
5 85.3057197257 9.57792429441
5 85.36969882 9.57795295908
5 85.5021345843 9.57801028843
5 85.6468790291 9.57806761777
5 85.7767718915 9.57812494712
5 85.8516284058 9.57815361179
5 86.0352997793 9.57821094114
5 86.2013222346 9.57826827048
5 86.3708028728 9.57832559983
5 86.4263408851 9.5783542645
5 86.5762935461 9.57841159385
5 86.7517932126 9.57846892319
5 86.9955166073 9.57852625254
5 87.1243601402 9.57855491721
5 87.4611971306 9.57861224655
5 87.7451733826 9.5786695759
5 87.9756791149 9.57872690525
5 88.039884614 9.57875556992
5 88.131870193 9.57881289926
5 88.2164214585 9.57887022861
5 88.3220735156 9.57892755795
5 88.3791106253 9.57895622263
5 88.4763578872 9.57901355197
5 88.6289668597 9.57907088132
5 88.8132994879 9.57912821066
5 88.8778859136 9.57915687534
5 88.9633911137 9.57921420468
5 89.0344316334 9.57927153403
5 89.0687764767 9.5793001987
5 89.1211997023 9.57935752805
5 89.1908063174 9.57941485739
5 89.2648185376 9.57947218674
5 89.3107444853 9.57950085141
5 89.434164683 9.57955818076
5 89.5516202568 9.5796155101
5 89.6287519852 9.57967283945
5 89.6543406524 9.57970150412
5 89.7082347659 9.57975883346
5 89.7572167451 9.57981616281
5 89.7986112386 9.57987349216
5 89.8186144784 9.57990215683
5 89.8717927433 9.57995948617
5 89.936297684 9.58001681552
5 90.0085328051 9.58007414486
5 90.0447994495 9.58010280954
5 90.1052888857 9.58016013888
5 90.1592821801 9.58021746823
5 90.204735355 9.58027479757
5 90.2270162644 9.58030346225
5 90.2669967764 9.58036079159
5 90.3092767435 9.58041812094
5 90.3645107086 9.58047545028
5 90.3933556262 9.58050411496
5 90.4585159322 9.5805614443
5 90.5153557995 9.58061877365
5 90.563723495 9.58067610299
5 90.5872969279 9.58070476766
5 90.6326229526 9.58076209701
5 90.6773578547 9.58081942636
5 90.7228070447 9.5808767557
5 90.7483909747 9.58090542037
5 90.7996659059 9.58096274972
5 90.8524843273 9.58102007907
5 90.8996582001 9.58107740841
5 90.9223840161 9.58110607308
5 90.9637698318 9.58116340243
5 91.0058941801 9.58122073177
5 91.0481588185 9.58127806112
5 91.0665119192 9.58130672579
5 91.1041169141 9.58136405514
5 91.1611200363 9.58142138448
5 91.200469366 9.58145004916
5 91.2609662515 9.5815073785
5 91.3074255639 9.58156470785
5 91.3542233081 9.58162203719
5 91.3739495179 9.58165070187
5 91.4128345111 9.58170803121
5 91.4496583111 9.58176536056
5 91.4892553272 9.5818226899
5 91.5136574334 9.58185135457
5 91.5594525817 9.58190868392
5 91.6015230989 9.58196601327
5 91.6416334558 9.58202334261
5 91.6629140457 9.58205200728
5 91.7037563867 9.58210933663
5 91.7392832237 9.58216666598
5 91.7689653505 9.58222399532
5 91.7883912387 9.58225265999
5 91.8241848802 9.58230998934
5 91.8630377679 9.58236731868
5 91.8989641414 9.58242464803
5 91.9169894074 9.5824533127
5 91.9497891849 9.58251064205
5 91.9811264155 9.58256797139
5 92.0130563626 9.58262530074
5 92.0259339254 9.58265396541
5 92.0526224711 9.58271129476
5 92.0868487936 9.5827686241
5 92.1223326806 9.58282595345
5 92.1403379727 9.58285461812
5 92.1749983609 9.58291194747
5 92.2063234214 9.58296927681
5 92.2433294599 9.58302660616
5 92.2612410015 9.58305527083
5 92.2952349823 9.58311260018
5 92.3266850951 9.58316992952
5 92.358108696 9.58322725887
5 92.3764560357 9.58325592354
5 92.4126828533 9.58331325288
5 92.4517091089 9.58337058223
5 92.4888618255 9.58342791158
5 92.507036269 9.58345657625
5 92.552780888 9.58351390559
5 92.5913692962 9.58357123494
5 92.6299941599 9.58362856429
5 92.64651558 9.58365722896
5 92.6807229288 9.5837145583
5 92.7157387393 9.58377188765
5 92.7323168764 9.58380055232
5 92.775949403 9.58385788167
5 92.8126660874 9.58391521101
5 92.8604904076 9.58397254036
5 92.8900631995 9.58400120503
5 92.9387566584 9.58405853438
5 92.9760002385 9.58411586372
5 93.0079886844 9.58417319307
5 93.0231887947 9.58420185774
5 93.0549138719 9.58425918709
5 93.0876521523 9.58431651643
5 93.1252261227 9.58437384578
5 93.1445951055 9.58440251045
5 93.1865780671 9.58445983979
5 93.2369797045 9.58451716914
5 93.2778735645 9.58457449849
5 93.2956320828 9.58460316316
5 93.3282111968 9.5846604925
5 93.3579531088 9.58471782185
5 93.3871398262 9.5847751512
5 93.4069618147 9.58480381587
5 93.4494910629 9.58486114521
5 93.5003397161 9.58491847456
4 93.5635393122 9.5849758039
4 93.6110392692 9.58500446858
4 93.6938785554 9.58506179792
4 93.7641235931 9.58511912727
4 93.8175103054 9.58517645661
4 93.8421142939 9.58520512129
4 93.8929157325 9.58526245063
4 93.9409414502 9.58531977998
4 94.0063442145 9.58537710932
4 94.0428938216 9.585405774
4 94.1202997104 9.58546310334
4 94.2058869028 9.58552043269
4 94.3073964371 9.58557776203
4 94.3477300376 9.5856064267
4 94.4253008832 9.58566375605
4 94.5137730353 9.5857210854
4 94.5840672265 9.58577841474
4 94.6258643873 9.58580707941
4 94.7787173635 9.58586440876
4 94.9642198394 9.5859217381
4 95.0648401671 9.58595040278
5 95.6779083529 9.58600773212
5 95.9496172512 9.58606506147
5 96.1926299733 9.58612239081
5 96.3048417838 9.58615105549
5 96.4793270697 9.58620838483
5 96.6106952991 9.58626571418
5 96.8965176116 9.58632304352
5 97.0407634792 9.5863517082
5 97.204644408 9.58640903754
5 97.4375948828 9.58646636689
5 97.7487474672 9.58652369623
5 97.8982544485 9.58655236091
5 98.1759358492 9.58660969025
5 98.452460176 9.5866670196
5 98.7725181076 9.58672434894
5 98.8902222873 9.58675301361
5 99.0606759151 9.58681034296
5 99.3026044493 9.58686767231
5 99.6134157762 9.58692500165
5 99.7702379911 9.58695366632
5 99.9847838082 9.58701099567
5 100.180681595 9.58706832501
5 100.33829199 9.58712565436
5 100.406868069 9.58715431903
5 100.60537195 9.58721164838
5 100.876804513 9.58726897772
5 101.046061946 9.58732630707
5 101.11703472 9.58735497174
5 101.231699206 9.58741230109
5 101.310494769 9.58746963043
5 101.429211599 9.58752695978
5 101.491889281 9.58755562445
5 101.576497657 9.5876129538
5 101.640643233 9.58767028314
5 101.700363856 9.58772761249
5 101.737178107 9.58775627716
5 101.842620892 9.58781360651
5 101.936952967 9.58787093585
5 102.005959687 9.5879282652
5 102.032626176 9.58795692987
5 102.084151279 9.58801425922
5 102.146873671 9.58807158856
5 102.193939029 9.58810025323
5 102.263659934 9.58815758258
5 102.303178461 9.58821491192
5 102.338723057 9.58827224127
5 102.359564658 9.58830090594
5 102.407387861 9.58835823529
5 102.496367767 9.58841556463
5 102.548741946 9.58847289398
5 102.570670317 9.58850155865
5 102.614162489 9.588558888
5 102.666970409 9.58861621734
5 102.725631375 9.58867354669
5 102.745581005 9.58870221136
5 102.784197009 9.58875954071
5 102.819169898 9.58881687005
5 102.85610779 9.5888741994
5 102.879808638 9.58890286407
5 102.936668528 9.58896019342
5 102.987681678 9.58901752276
5 103.031164543 9.58907485211
5 103.049876333 9.58910351678
5 103.089152236 9.58916084613
5 103.126008596 9.58921817547
5 103.164842255 9.58927550482
5 103.18232317 9.58930416949
5 103.210379177 9.58936149883
5 103.241906382 9.58941882818
5 103.280646001 9.58947615753
5 103.312786237 9.5895048222
5 103.375126755 9.58956215154
5 103.424178338 9.58961948089
5 103.466811982 9.58967681023
5 103.48569244 9.58970547491
5 103.527115558 9.58976280425
5 103.690565103 9.5898201336
5 103.752971017 9.58987746294
5 103.771275854 9.58990612762
5 103.80132674 9.58996345696
5 103.83021896 9.59002078631
