0.71850184235 0 831204.620384
1.11735193858 0.159931607604 831207.114263
1.78174313743 0.133204371157 831212.102022
2.15633844269 0.0751029395976 831217.08978
2.32344243244 0.0335028247072 831222.077538
2.40268348336 0.0317742148768 831224.571417
2.52074858636 0.0236709755145 831229.559175
2.65168124342 0.0262508026563 831234.546934
2.82158539789 0.034064232175 831239.534692
2.93687304606 0.0462282423502 831242.028571
3.18997662292 0.0507449569634 831247.016329
3.47639904336 0.0574250809837 831252.004088
4.274379616 0.15998782127 831256.991846
4.37440182056 0.0401070781294 831259.485725
4.58314531986 0.0418511663087 831264.473483
5.14973794866 0.113596650515 831269.461241
5.88724228672 0.147862888228 831274.449
6.21703506379 0.132240883258 831276.942879
6.84678311359 0.126258735973 831281.930637
7.34616541951 0.100121594238 831286.918395
7.83803581346 0.098615524456 831291.906153
8.08954349321 0.100849988322 831294.400033
8.51721564785 0.0857443634368 831299.387791
9.17900549082 0.132682823047 831304.375549
9.59941047182 0.0842873614554 831309.363307
9.84111932864 0.0969208391975 831311.857186
10.3145894101 0.0949264297545 831316.844945
10.7017130534 0.0776147570239 831321.832703
10.9246160649 0.0893800385286 831324.326582
11.3821784742 0.0917370866692 831329.31434
11.835882185 0.0909634528497 831334.302098
12.2123062297 0.0754695851681 831339.289857
12.3961524415 0.073718974789 831341.783736
12.8222569202 0.0854300587375 831346.771494
13.1975525582 0.0752433499054 831351.759252
13.5335660694 0.0673676420534 831356.74701
13.7047706856 0.068649925768 831359.24089
13.9757473604 0.0543283499619 831364.228648
14.2452361567 0.0540300439095 831369.216406
14.4702837418 0.0451199866823 831374.204164
14.5802079467 0.0440775995135 831376.698043
14.7826405484 0.0405858889438 831381.685802
14.9899624557 0.0415661500845 831386.67356
15.1720426878 0.0365054246134 831391.661318
15.2566423795 0.0339229320075 831394.155197
15.4271281846 0.0341808478035 831399.142955
15.5883345489 0.0323204046352 831404.130714
15.7622082552 0.0348600910947 831409.118472
15.8415419716 0.0318113720264 831411.612351
16.0260977202 0.0370017430711 831416.600109
16.1901936846 0.0328997430898 831421.587867
16.3270829045 0.0274450391378 831426.575626
16.407140693 0.032101711719 831429.069505
16.5383993904 0.0263161707798 831434.057263
16.7170361904 0.0358150478969 831439.045021
16.9131343249 0.0393158860804 831444.032779
17.041528277 0.0514836309824 831446.526659
17.3514424769 0.06213496833 831451.514417
17.5727038198 0.0443608796948 831456.502175
17.7883604827 0.043237192509 831461.489933
17.8868291992 0.0394841578018 831463.983812
18.0412546214 0.0309608876281 831468.971571
18.2289860637 0.0376384406815 831473.959329
18.3892071041 0.0321228561745 831478.947087
18.4644106435 0.0301552464795 831481.440966
18.612482912 0.0296871383068 831486.428724
18.7703823757 0.0316574012518 831491.416483
18.9105722389 0.0281067879894 831496.404241
18.9961021507 0.0342959332961 831498.89812
19.1566716778 0.0321927245742 831503.885878
19.2945316778 0.0276396717029 831508.873637
19.3710948456 0.030700432624 831511.367516
19.5149397935 0.0288395991114 831516.355274
19.6497316731 0.0270245415504 831521.343032
19.7761463166 0.0253449821673 831526.33079
19.838817992 0.0251301977675 831528.824669
19.9788522583 0.0280755922396 831533.812428
20.0811787026 0.0205155180926 831538.800186
20.1929561667 0.0224103613209 831543.787944
20.2563868554 0.0254345482361 831546.281823
20.3608405751 0.0209420173906 831551.269581
20.4624438664 0.0203705325232 831556.25734
20.5620699493 0.0199741202852 831561.245098
20.6070181423 0.0180234048891 831563.738977
20.6950608295 0.0176517551827 831568.726735
20.7839212116 0.0178156955396 831573.714494
20.8741406389 0.0180881716969 831578.702252
20.9226091098 0.0194349720313 831581.196131
21.0056651199 0.0166519719303 831586.183889
21.1018690721 0.0192880143199 831591.171647
21.1997227456 0.0196187683687 831596.159406
21.2439207181 0.0177225801433 831598.653285
21.3290831019 0.0170742806476 831603.641043
21.4137026351 0.0169654440466 831608.628801
21.4941044113 0.0161198222649 831613.616559
21.5480219201 0.0216199367506 831616.110439
21.6462312064 0.019690065501 831621.098197
21.7395667756 0.0187129297145 831626.085955
21.8169198677 0.0155085889163 831631.073713
21.850573562 0.0134945170905 831633.567592
21.9230169868 0.014524245433 831638.555351
22.0180236466 0.0190479681215 831643.543109
22.1190894132 0.020262763724 831648.530867
22.17372274 0.0219069667263 831651.024746
22.2577548138 0.0168476638011 831656.012504
22.3446891066 0.0174295322067 831661.000263
22.4517090587 0.0214565235752 831665.988021
22.5028271001 0.0204974014418 831668.4819
22.6088894897 0.021264541033 831673.469658
22.7128266662 0.0208384552183 831678.457416
22.8041840293 0.0183163174348 831683.445175
22.8443001222 0.0160858209402 831685.939054
22.9388907649 0.0189645604823 831690.926812
23.0270828873 0.0176817155683 831695.91457
23.081708414 0.0219038390293 831698.408449
23.1675492559 0.017210305283 831703.396208
23.2587007961 0.0182750518401 831708.383966
23.3569716571 0.0197024106575 831713.371724
23.3908526083 0.013585642938 831715.865603
23.4781374832 0.0174998207342 831720.853361
23.5701411002 0.018445885447 831725.84112
23.651426535 0.0162969877398 831730.828878
23.6948211939 0.0174004660449 831733.322757
23.7988493276 0.0208566912973 831738.310515
23.929822037 0.0262588327879 831743.298273
24.0080785238 0.0156897113204 831748.286032
24.0574250193 0.0197870438703 831750.779911
24.606428071 0.110070100854 831755.767669
24.8736988205 0.0535853457668 831760.755427
24.971050012 0.0195180253316 831765.743185
25.0233997749 0.0209912992809 831768.237065
25.0800328966 0.0113544239862 831773.224823
25.1418693232 0.0123976391147 831778.212581
25.1737409243 0.00638996511955 831783.200339
25.189922579 0.00648854813133 831785.694218
25.242721494 0.010585700532 831790.681977
25.286294539 0.00873599782382 831795.669735
25.3187804449 0.00651312760432 831800.657493
25.3375304362 0.00751840422921 831803.151372
25.3638715062 0.0052811441129 831808.13913
25.3920582733 0.00565118953154 831813.126889
26.2636547379 0.174747135687 831818.114647
26.2743625304 0.00429362930777 831820.608526
26.3072853731 0.00660072946263 831825.596284
26.339343286 0.00642731891557 831830.584043
26.3729870502 0.00674526763962 831835.571801
26.3903511644 0.0069626928247 831838.06568
26.4133793846 0.00461694796246 831843.053438
26.4417586506 0.00568978379766 831848.041196
26.4786429844 0.00739497227479 831853.028955
26.4979660291 0.00774818818112 831855.522834
26.5205450279 0.00452688316609 831860.510592
26.543754416 0.0046532704631 831865.49835
26.5686544117 0.00499222187984 831870.486108
26.5813970291 0.00510955693627 831872.979987
26.6035577227 0.00444301679319 831877.967746
26.6345287751 0.00620941332948 831882.955504
26.6476317568 0.00525405645484 831885.449383
26.6850607023 0.00750416195095 831890.437141
26.723648385 0.00773647815719 831895.4249
26.7449842267 0.00427764152038 831900.412658
26.7564276292 0.0045885955209 831902.906537
26.7793577207 0.00459727404929 831907.894295
26.8104946413 0.00624266837577 831912.882053
26.8545285818 0.00882840316306 831917.869812
26.8844366794 0.0119926011342 831920.363691
26.943078362 0.011757122115 831925.351449
26.9796134573 0.00732495313048 831930.339207
27.007040985 0.00549896896558 831935.326965
27.0200973231 0.00523535322828 831937.820845
27.0442994392 0.00485230338576 831942.808603
27.0658763368 0.00432597102234 831947.796361
27.0911945397 0.0050760685871 831952.784119
27.1070136771 0.0063431853419 831955.277998
27.1406302009 0.00673980618842 831960.265757
27.1730647143 0.00650282387354 831965.253515
27.196008451 0.00460000980752 831970.241273
27.2079103882 0.00477245951788 831972.735152
27.2275394684 0.00393545142236 831977.72291
27.246898799 0.00388136907753 831982.710669
27.2734687733 0.00532703734131 831987.698427
27.287908188 0.00578994170813 831990.192306
27.3194814172 0.00633014426228 831995.180064
27.3459468346 0.00530607462724 832000.167822
27.3710843925 0.00503985091152 832005.155581
27.3924896001 0.00858309749763 832007.64946
27.4322401751 0.00796962747253 832012.637218
27.4563566273 0.00483512854544 832017.624976
27.5055027481 0.0098533486305 832022.612734
27.5242385416 0.00751271119873 832025.106614
27.5608651401 0.00734329868051 832030.094372
27.5900251566 0.00584631715908 832035.08213
27.6133586913 0.00467816072327 832040.069888
27.6217005924 0.00334495008251 832042.563767
27.6424889803 0.00416788202607 832047.551526
27.6662324978 0.00476035853653 832052.539284
27.6884441934 0.00445324222188 832057.527042
27.6981427482 0.00388894344699 832060.020921
27.717022228 0.00378516337514 832065.008679
27.7337443696 0.00335263675595 832069.996438
27.7500440909 0.00326794534296 832074.984196
27.7604388629 0.00416811384699 832077.478075
27.7881670852 0.00555925546517 832082.465833
27.823883061 0.00716072715072 832087.453591
27.8458912533 0.00882488335903 832089.947471
27.870985804 0.0050312283801 832094.935229
27.8907900622 0.00397057300697 832099.922987
27.9092558086 0.00370221359875 832104.910745
27.9192078307 0.00399057920276 832107.404624
27.9379723111 0.00376210703826 832112.392383
27.9556598038 0.00354618085295 832117.380141
27.9792786628 0.00473536564057 832122.367899
27.9923552616 0.00524347739958 832124.861778
28.0123586506 0.00401049692458 832129.849536
28.0332688422 0.00419230256134 832134.837295
28.0579301553 0.00494436816916 832139.825053
28.0788793275 0.00840023561986 832142.318932
28.118344308 0.00791236837796 832147.30669
28.1400502381 0.00435184086279 832152.294449
28.1580175931 0.00360229068032 832157.282207
28.1677310324 0.00389491186134 832159.776086
28.1854973947 0.00356199347801 832164.763844
28.2014863446 0.00320563851325 832169.751602
28.2359621287 0.00691208003113 832174.739361
28.2629058018 0.0108039210571 832177.23324
28.3141004611 0.0102640619152 832182.220998
28.3367424696 0.00453951604142 832187.208756
28.3533129899 0.00332223807148 832192.196514
28.3614034435 0.0032441242191 832194.690393
28.3834078883 0.00441169032118 832199.678152
28.4045083555 0.00423045108301 832204.66591
28.4409093467 0.00729806649491 832209.653668
28.45359543 0.00508688781423 832212.147547
28.4721228191 0.00371457240783 832217.135306
28.4885564213 0.00329478724666 832222.123064
28.5031262252 0.00292111269163 832227.110822
28.510018731 0.00276376902289 832229.604701
28.5277057153 0.00354607890613 832234.592459
28.5775067216 0.00998464720368 832239.580218
28.6525992487 0.0150553662891 832244.567976
28.6706124201 0.0072229528838 832247.061855
28.6933051194 0.00454967909254 832252.049613
28.7105141423 0.00345025200752 832257.037371
28.7318366849 0.00427497517685 832262.02513
28.7411340256 0.00372806388699 832264.519009
28.7616366078 0.0041105805998 832269.506767
28.7843660319 0.00455704207128 832274.494525
28.7944323483 0.00403640908717 832276.988404
28.8110269952 0.00332707524397 832281.976163
28.8259990379 0.0030017579125 832286.963921
28.8387857369 0.00256361643563 832291.951679
28.844615836 0.00233776331006 832294.445558
28.8556471739 0.00221168255801 832299.433316
28.8696551924 0.00280847985313 832304.421075
28.8885647038 0.00379118444011 832309.408833
28.8970952187 0.00342058073024 832311.902712
28.9100994079 0.00260722123892 832316.89047
28.9226750564 0.00252130273898 832321.878228
28.9334256162 0.00215538911559 832326.865987
28.9382005164 0.00191464784413 832329.359866
28.9477049262 0.00190554740032 832334.347624
28.9621019635 0.00288647457025 832339.335382
28.9877173279 0.005135646761 832344.32314
29.0015271193 0.00553747426147 832346.81702
29.0256261865 0.00483164301373 832351.804778
29.0489628366 0.00467878534017 832356.792536
29.0784133677 0.00590456266569 832361.780294
29.0889615534 0.00422962990328 832364.274173
29.1059565729 0.00340734630189 832369.261932
29.1260057424 0.00401967547175 832374.24969
29.1389289445 0.00259098407732 832379.237448
29.1464967831 0.00303456512186 832381.731327
29.1631688132 0.00334258987112 832386.719085
29.1787375447 0.00312138854463 832391.706844
29.1940082927 0.00306164560559 832396.694602
29.2017695205 0.00311211065044 832399.188481
29.223304126 0.0043174918573 832404.176239
29.2960812243 0.0145911439201 832409.163997
29.3922191506 0.0192747767446 832414.151756
29.410171799 0.00719868427778 832416.645635
29.4328379684 0.00454436007098 832421.633393
29.4533917613 0.00412084788025 832426.621151
29.4737821277 0.00408808233666 832431.60891
29.4825993362 0.0035355396567 832434.102789
29.4988865744 0.00326544259531 832439.090547
29.5139100296 0.00301206564807 832444.078305
29.5323531499 0.00369767727445 832449.066063
29.5442653611 0.00477657924505 832451.559942
29.5607193325 0.00329887107747 832456.547701
29.5748838148 0.00283984941434 832461.535459
29.5818950503 0.00281137744717 832464.029338
29.5957344547 0.00277467426843 832469.017096
29.60917854 0.00269541639469 832474.004855
29.6229339751 0.00275783919367 832478.992613
29.6321276143 0.00368648147433 832481.486492
29.6492198365 0.00342683453799 832486.47425
29.6666803775 0.00350067910608 832491.462008
29.6832475063 0.0033215581133 832496.449767
29.6915978754 0.00334834554927 832498.943646
29.7124403784 0.00417873161616 832503.931404
29.7351462189 0.0045523137844 832508.919162
29.7538115131 0.00374222111952 832513.90692
29.7666524107 0.00514896549568 832516.400799
29.8060581968 0.0079005004495 832521.388558
29.8293466781 0.00466912793891 832526.376316
29.8454584905 0.00323027132011 832531.364074
29.853456382 0.00320700847989 832533.857953
29.870799214 0.00347707951827 832538.845712
29.8918166883 0.0042138117566 832543.83347
29.9134329829 0.00433386977484 832548.821228
29.9238595264 0.0041808535948 832551.315107
29.942762406 0.00378985483648 832556.302865
29.9607296923 0.00360227689488 832561.290624
29.9985296142 0.00757853933607 832566.278382
30.0289303877 0.0121901551765 832568.772261
30.1079432416 0.0158413560241 832573.760019
30.2291629941 0.0243034539564 832578.747777
30.2524013718 0.00465908262039 832583.735536
30.2603034161 0.00316857549788 832586.229415
30.2825216342 0.00445454993512 832591.217173
30.3420987713 0.0119446722028 832596.204931
30.3850076853 0.00860284560472 832601.192689
30.3993760245 0.00576144173665 832603.686569
30.4250810871 0.00515363042709 832608.674327
30.5527791168 0.0256022893934 832613.662085
30.583729055 0.00620518011182 832618.649843
30.5942663766 0.00422527360745 832621.143722
30.6122755709 0.00361067908167 832626.131481
30.6308795211 0.0037299222095 832631.119239
30.6529217314 0.00441926196133 832636.106997
30.667978755 0.00603759161822 832638.600876
30.7326260381 0.0129611902017 832643.588634
30.7642494206 0.00634019954153 832648.576393
30.7702873288 0.00242109096017 832651.070272
30.781155631 0.00217899539451 832656.05803
30.7966350038 0.00310347295299 832661.045788
30.839579212 0.00860992178491 832666.033546
30.8749267222 0.0141737063188 832668.527426
30.9476065354 0.0145716391557 832673.515184
