1 0.689277639397 9.55387453879
1 1.09513234829 9.55390315587
1 1.7498660691 9.55396039003
1 2.13382228068 9.55401762418
1 2.29922394128 9.55407485834
1 2.37770938178 9.55410347542
1 2.50229093097 9.55416070958
1 2.62118786837 9.55421794374
1 2.80056863291 9.5542751779
1 2.92607896362 9.55430379498
1 3.18041735274 9.55436102914
2 3.92644746502 9.5544182633
2 4.24137000358 9.55447549746
1 4.40963070544 9.55450411453
1 4.62052506744 9.55456134869
1 5.16419003196 9.55461858285
1 5.83233453354 9.55467581701
1 6.18179953838 9.55470443409
1 6.63243998763 9.55476166825
1 7.13324700079 9.55481890241
1 7.59655338382 9.55487613657
1 7.83168592694 9.55490475365
1 8.60422521489 9.55496198781
1 9.2578139218 9.55501922196
1 9.83850939958 9.55507645612
1 10.0818067273 9.5551050732
1 10.4900875807 9.55516230736
1 10.8558645997 9.55521954152
1 11.2141933119 9.55527677568
1 11.3856314199 9.55530539276
1 11.7569823175 9.55536262692
1 12.0837799108 9.55541986108
1 12.4754441403 9.55547709524
1 12.6912236241 9.55550571232
1 13.1395589203 9.55556294647
1 13.4372583288 9.55562018063
1 13.7620569668 9.55567741479
1 13.9124634207 9.55570603187
1 14.1937995913 9.55576326603
1 14.4306586458 9.55582050019
1 14.6256284353 9.55587773435
1 14.7304193264 9.55590635143
1 14.9349295853 9.55596358559
1 15.1155145742 9.55602081975
1 15.2873620566 9.5560780539
1 15.3773299375 9.55610667098
1 15.5629623167 9.55616390514
1 15.7288532396 9.5562211393
1 15.8812242946 9.55627837346
1 15.96665368 9.55630699054
1 16.1241001925 9.5563642247
1 16.2708014818 9.55642145886
1 16.3378932056 9.55645007594
1 16.4903447734 9.5565073101
1 16.63345851 9.55656454425
1 16.8000212132 9.55662177841
1 16.8912973102 9.55665039549
1 17.0846498291 9.55670762965
1 17.2787727542 9.55676486381
1 17.4847276569 9.55682209797
1 17.5640303849 9.55685071505
1 17.7784342371 9.55690794921
1 17.9932176285 9.55696518337
1 18.1960460481 9.55702241753
1 18.3048340404 9.55705103461
1 18.4607975857 9.55710826876
1 18.634307678 9.55716550292
1 18.7894763072 9.55722273708
1 18.8690143909 9.55725135416
1 19.0277835388 9.55730858832
1 19.1922299412 9.55736582248
1 19.3367074454 9.55742305664
1 19.4083227991 9.55745167372
1 19.5620134409 9.55750890788
1 19.695441792 9.55756614204
1 19.8159754641 9.55762337619
1 19.8803023141 9.55765199327
1 20.0105589325 9.55770922743
1 20.115433352 9.55776646159
1 20.2208637887 9.55782369575
1 20.2716911889 9.55785231283
1 20.3831183273 9.55790954699
1 20.4795769661 9.55796678115
1 20.5799074617 9.55802401531
1 20.6232968471 9.55805263239
1 20.7186925656 9.55810986654
1 20.8052312436 9.5581671007
1 20.888979362 9.55822433486
1 20.9262189599 9.55825295194
1 21.0125477516 9.5583101861
1 21.1207862093 9.55836742026
1 21.2225395313 9.55842465442
1 21.2673132586 9.5584532715
1 21.3515911845 9.55851050566
1 21.4476587873 9.55856773982
1 21.5432265861 9.55862497397
1 21.580192147 9.55865359105
1 21.6632418153 9.55871082521
1 21.7489703645 9.55876805937
1 21.8463789031 9.55882529353
1 21.8902448188 9.55885391061
1 21.96854135 9.55891114477
1 22.044537302 9.55896837893
1 22.1467299938 9.55902561309
1 22.1989165942 9.55905423017
1 22.2948872537 9.55911146433
1 22.4010926489 9.55916869848
1 22.4960227176 9.55922593264
1 22.5413820622 9.55925454972
1 22.6313021415 9.55931178388
1 22.7300146289 9.55936901804
1 22.8108232503 9.5594262522
1 22.8546933238 9.55945486928
1 22.9352935177 9.55951210344
1 23.0151548294 9.5595693376
1 23.0937890187 9.55962657176
1 23.1340196145 9.55965518883
1 23.2046634648 9.55971242299
1 23.2800382108 9.55976965715
1 23.3599381162 9.55982689131
1 23.4028430296 9.55985550839
1 23.4787905891 9.55991274255
1 23.5493420298 9.55996997671
1 23.6246195012 9.56002721087
1 23.6837308892 9.56005582795
1 24.0163232331 9.56011306211
3 25.4185433342 9.56017029626
3 26.3036220409 9.56022753042
3 26.6109104765 9.5602561475
4 27.7485080143 9.56031338166
6 28.7215942649 9.56037061582
6 29.0980348186 9.56042784998
6 29.2254969294 9.56045646706
6 29.5709567274 9.56051370122
7 29.976062993 9.56057093538
7 30.7663228582 9.56062816954
7 31.0653189057 9.56065678662
8 31.8321382484 9.56071402077
8 32.2328169311 9.56077125493
8 32.6474017555 9.56082848909
8 33.0022714253 9.56085710617
8 33.4652026806 9.56091434033
8 33.9334933891 9.56097157449
8 34.1729248004 9.56100019157
8 34.5286997868 9.56105742573
8 35.0290685713 9.56111465989
8 35.5442002802 9.56117189405
8 35.7326083475 9.56120051112
8 35.9763769037 9.56125774528
8 36.164133415 9.56131497944
8 36.7444869479 9.5613722136
8 36.9239848595 9.56140083068
7 37.2690833859 9.56145806484
8 37.8071650034 9.561515299
8 38.1118115552 9.56157253316
8 38.2904741055 9.56160115024
8 38.5742581334 9.5616583844
8 38.9023160555 9.56171561855
8 39.247950553 9.56177285271
8 39.3940548949 9.56180146979
7 39.6366117137 9.56185870395
7 39.8842820397 9.56191593811
7 40.2472146581 9.56197317227
7 40.37419224 9.56200178935
7 40.5907533258 9.56205902351
7 40.755240405 9.56211625767
7 40.9742721668 9.56217349183
7 41.0826796744 9.56220210891
7 41.3359482512 9.56225934306
7 41.6662355896 9.56231657722
6 41.9584161435 9.56237381138
6 42.1559730878 9.56240242846
6 42.4642385195 9.56245966262
6 42.7730969732 9.56251689678
6 42.9607220723 9.56257413094
6 43.0358275852 9.56260274802
6 43.2053357419 9.56265998218
6 43.4056017001 9.56271721634
6 43.6624272507 9.56277445049
6 43.7885217558 9.56280306757
6 44.0555725473 9.56286030173
6 44.2603007876 9.56291753589
6 44.4058386409 9.56297477005
6 44.4674069971 9.56300338713
6 44.6027723091 9.56306062129
6 44.8044748519 9.56311785545
6 45.103089779 9.56317508961
6 45.2063976383 9.56320370669
6 45.3478809975 9.56326094084
6 45.4425538576 9.563318175
6 45.5128389333 9.56337540916
6 45.5573540589 9.56340402624
6 45.6369535937 9.5634612604
6 45.7351854396 9.56351849456
6 45.8252879696 9.56357572872
6 45.8722819173 9.5636043458
6 45.9537826555 9.56366157996
6 46.0410881047 9.56371881412
6 46.1282909768 9.56377604827
6 46.1732046168 9.56380466535
6 46.2581724139 9.56386189951
6 46.335616947 9.56391913367
6 46.4162816982 9.56397636783
6 46.4504086297 9.56400498491
6 46.5095933914 9.56406221907
6 46.5799094515 9.56411945323
6 46.6602995184 9.56417668739
6 46.6940446707 9.56420530447
6 46.7691186884 9.56426253863
6 46.867736221 9.56431977278
6 46.948685772 9.56437700694
6 46.9887109965 9.56440562402
6 47.0726564779 9.56446285818
6 47.1639635037 9.56452009234
6 47.2943618696 9.5645773265
6 47.4437100247 9.56460594358
6 47.67641839 9.56466317774
6 47.8738484933 9.5647204119
6 48.1278915093 9.56477764606
6 48.3404684581 9.56480626313
6 48.6998266359 9.56486349729
6 49.0155854236 9.56492073145
6 49.3260038435 9.56497796561
6 49.4359565622 9.56500658269
6 49.643585383 9.56506381685
6 49.7621255443 9.56512105101
6 49.8694385368 9.56517828517
6 49.9269317576 9.56520690225
6 50.0120684007 9.56526413641
6 50.0769577816 9.56532137056
6 50.1384453701 9.56537860472
6 50.1740158881 9.5654072218
6 50.3040549774 9.56546445596
6 50.466529804 9.56552169012
6 50.5306017263 9.5655503072
6 50.6437455459 9.56560754136
6 50.7433434482 9.56566477552
6 50.8522694557 9.56572200968
6 50.904916254 9.56575062676
6 50.9942752415 9.56580786092
6 51.1113247331 9.56586509507
6 51.2112982314 9.56592232923
6 51.2589812609 9.56595094631
6 51.3592050987 9.56600818047
6 51.4681798291 9.56606541463
6 51.5613191208 9.56612264879
6 51.6077593798 9.56615126587
6 51.7045021506 9.56620850003
6 51.7786572731 9.56626573419
6 51.8808167439 9.56632296835
6 51.9525165236 9.56635158542
6 52.0804413262 9.56640881958
6 52.2537638511 9.56646605374
6 52.5372430943 9.5665232879
6 52.7577595399 9.56655190498
6 53.0640577798 9.56660913914
6 53.4560926557 9.5666663733
6 53.8703955335 9.56672360746
6 54.0675570025 9.56675222454
6 54.3379113929 9.5668094587
6 54.6210160164 9.56686669285
6 54.78066585 9.56692392701
6 54.8593628433 9.56695254409
6 55.0683393171 9.56700977825
7 55.5434987922 9.56706701241
7 55.8705828994 9.56712424657
7 56.0336010575 9.56715286365
7 56.3102650016 9.56721009781
7 56.485993244 9.56726733197
7 56.6164310863 9.56732456613
7 56.6699051751 9.56735318321
7 56.7695462662 9.56741041736
7 56.8940564744 9.56746765152
7 57.007025403 9.56752488568
7 57.0627315052 9.56755350276
7 57.2229367708 9.56761073692
7 57.4454875289 9.56766797108
7 57.6610396301 9.56772520524
7 57.7959382204 9.56775382232
6 58.2068217395 9.56781105648
6 58.4590107355 9.56786829064
6 58.6900659835 9.56792552479
6 58.8021962621 9.56795414187
6 59.0003734188 9.56801137603
5 59.2053808694 9.56806861019
5 59.4502648306 9.56812584435
5 59.557210389 9.56815446143
5 59.9566382446 9.56821169559
5 60.1817352526 9.56826892975
5 60.3474989022 9.56832616391
5 60.4764110343 9.56835478099
5 60.7709758475 9.56841201514
5 60.938323998 9.5684692493
5 61.0936234483 9.56852648346
5 61.1648191538 9.56855510054
5 61.2673998427 9.5686123347
5 61.4816559103 9.56866956886
5 61.5826843343 9.56872680302
5 61.6293066138 9.5687554201
5 61.9148024788 9.56881265426
5 62.2523996583 9.56886988842
5 62.3667160079 9.56892712257
5 62.4301760175 9.56895573965
5 62.5220920529 9.56901297381
5 62.6072135819 9.56907020797
5 62.7324810049 9.56912744213
5 62.7951898958 9.56915605921
5 62.8659592972 9.56921329337
5 62.9211756942 9.56927052753
5 63.024461684 9.56932776169
5 63.0660674449 9.56935637877
5 63.169566017 9.56941361293
5 63.3093570124 9.56947084708
5 63.5050116199 9.56952808124
5 63.6404086213 9.56955669832
5 63.960724162 9.56961393248
5 64.3211060854 9.56967116664
5 64.6405637313 9.5697284008
5 64.7690773385 9.56975701788
5 64.9889570063 9.56981425204
5 65.180583274 9.5698714862
5 65.2778007898 9.56990010328
5 65.5172312892 9.56995733743
5 65.8130345063 9.57001457159
5 66.0843382019 9.57007180575
5 66.2265603973 9.57010042283
5 66.4791408759 9.57015765699
5 66.6603717032 9.57021489115
5 66.8142716273 9.57027212531
5 66.8790212472 9.57030074239
5 67.0026700149 9.57035797655
5 67.1281907677 9.57041521071
5 67.2478406451 9.57047244486
5 67.31112826 9.57050106194
5 67.4444002474 9.5705582961
5 67.5580008046 9.57061553026
5 67.6822029587 9.57067276442
5 67.7507436695 9.5707013815
5 67.8853297412 9.57075861566
5 68.0076472656 9.57081584982
5 68.129519231 9.57087308398
5 68.1982779522 9.57090170106
5 68.3365381938 9.57095893522
5 68.5001557962 9.57101616937
5 68.7702571707 9.57107340353
5 68.857136768 9.57110202061
5 69.005999419 9.57115925477
5 69.1719886972 9.57121648893
5 69.3138591947 9.57127372309
5 69.3953167387 9.57130234017
5 69.5544487684 9.57135957433
5 69.7094541269 9.57141680849
5 69.8566849531 9.57147404265
5 69.9385070836 9.57150265972
5 70.1086079586 9.57155989388
5 70.3072741126 9.57161712804
5 70.473818296 9.5716743622
5 70.5613846893 9.57170297928
5 70.7531067083 9.57176021344
5 70.9616556832 9.5718174476
5 71.1655984681 9.57187468176
5 71.2826325117 9.57190329884
5 71.9628221259 9.571960533
5 72.2032537571 9.57201776715
5 72.3256679193 9.57207500131
5 72.3842318968 9.57210361839
5 72.5084276344 9.57216085255
5 72.6371548229 9.57221808671
5 72.7797700565 9.57227532087
5 72.8685926857 9.57230393795
5 73.1003994516 9.57236117211
5 73.3063851016 9.57241840627
5 73.481062339 9.57247564043
5 73.5617030193 9.57250425751
5 73.748300035 9.57256149166
5 74.034696602 9.57261872582
5 74.2396310632 9.57267595998
5 74.3240548795 9.57270457706
5 74.4627616666 9.57276181122
5 74.56575294 9.57281904538
5 74.6638981576 9.57287627954
5 74.7116297068 9.57290489662
5 74.7913961012 9.57296213078
4 75.054033326 9.57301936494
4 75.2132515794 9.57307659909
4 75.2432417041 9.57310521617
4 75.312881053 9.57316245033
4 75.3607891311 9.57321968449
4 75.4132259602 9.57327691865
4 75.4412940506 9.57330553573
4 75.4913297051 9.57336276989
4 75.5551865155 9.57342000405
4 75.6071414823 9.57347723821
4 75.6367234778 9.57350585529
4 75.706974096 9.57356308944
4 75.761177584 9.5736203236
4 75.8366684739 9.57367755776
4 75.8724791982 9.57370617484
4 75.96618254 9.573763409
4 76.0604775126 9.57382064316
4 76.1428755522 9.57387787732
4 76.1876284422 9.5739064944
4 76.2847964858 9.57396372856
4 76.3724541737 9.57402096272
4 76.4787083676 9.57407819687
4 76.5296420292 9.57410681395
4 76.633015851 9.57416404811
4 76.7650733403 9.57422128227
4 76.8761815711 9.57427851643
4 76.935267644 9.57430713351
4 77.065315134 9.57436436767
4 77.2081329324 9.57442160183
4 77.2897665336 9.57445021891
4 77.5707522934 9.57450745307
4 78.0254818922 9.57456468723
4 78.3103454393 9.57462192138
4 78.3997513967 9.57465053846
4 78.5465194829 9.57470777262
4 78.6736236289 9.57476500678
4 78.8317203017 9.57482224094
4 78.896548986 9.57485085802
4 78.9753268904 9.57490809218
4 79.0992325838 9.57496532634
4 79.1966753734 9.5750225605
4 79.2357369972 9.57505117758
4 79.3233652195 9.57510841173
4 79.3997266261 9.57516564589
4 79.4747462016 9.57522288005
4 79.5094249022 9.57525149713
4 79.5600358949 9.57530873129
4 79.6110306313 9.57536596545
4 79.6556624207 9.57542319961
4 79.6759183897 9.57545181669
4 79.7248697574 9.57550905085
4 79.7638945827 9.57556628501
4 79.8182572573 9.57562351916
4 79.8445918085 9.57565213624
4 79.8826913614 9.5757093704
4 79.9230742978 9.57576660456
4 79.9585740486 9.57582383872
4 79.9788528345 9.5758524558
4 80.0294424938 9.57590968996
4 80.0667905964 9.57596692412
4 80.1121378694 9.57602415828
4 80.1375444618 9.57605277536
4 80.1771710767 9.57611000952
4 80.2378376856 9.57616724367
4 80.2796206175 9.57622447783
4 80.2982763857 9.57625309491
4 80.3463319729 9.57631032907
4 80.3889113892 9.57636756323
4 80.4554547823 9.57642479739
4 80.4813900772 9.57645341447
4 80.5332780199 9.57651064863
4 80.6103471216 9.57656788279
4 80.6845476619 9.57662511695
4 80.7428999545 9.57665373402
4 80.8695286374 9.57671096818
4 80.9475845725 9.57676820234
4 81.1341451988 9.5768254365
4 81.2304948806 9.57685405358
4 81.4408347092 9.57691128774
4 81.6935286135 9.5769685219
4 81.8514404543 9.57702575606
4 81.9139646363 9.57705437314
4 82.0282821279 9.5771116073
4 82.1251692317 9.57716884145
4 82.2372688331 9.57722607561
4 82.2796300586 9.57725469269
4 82.3570580794 9.57731192685
4 82.439230162 9.57736916101
4 82.5222211944 9.57742639517
4 82.5706155008 9.57745501225
4 82.6742868598 9.57751224641
4 82.7689770806 9.57756948057
4 82.8698254993 9.57762671473
4 82.927389476 9.57765533181
4 83.0254989623 9.57771256596
4 83.1354181686 9.57776980012
4 83.2439057748 9.57782703428
4 83.3004623481 9.57785565136
4 83.4131918911 9.57791288552
4 83.5099062992 9.57797011968
4 83.6072264595 9.57802735384
4 83.6537792477 9.57805597092
4 83.743911165 9.57811320508
4 83.8416049912 9.57817043924
4 83.9308322864 9.57822767339
4 83.9740183893 9.57825629047
4 84.0649082244 9.57831352463
4 84.1493707025 9.57837075879
4 84.2403134357 9.57842799295
4 84.2816314894 9.57845661003
4 84.365857287 9.57851384419
4 84.4459440744 9.57857107835
4 84.5166190992 9.57862831251
4 84.5541732128 9.57865692959
4 84.6301730964 9.57871416374
4 84.726485117 9.5787713979
4 84.7896313897 9.57880001498
4 84.9336877724 9.57885724914
4 85.0482571698 9.5789144833
4 85.188303623 9.57897171746
4 85.2453044009 9.57900033454
4 85.3458011514 9.5790575687
4 85.4774879401 9.57911480286
4 85.5600486321 9.57917203702
4 85.5956123378 9.5792006541
4 85.6745765036 9.57925788825
4 85.7463304033 9.57931512241
4 85.8279214683 9.57937235657
4 85.8700881693 9.57940097365
4 85.9465407165 9.57945820781
4 86.0277236658 9.57951544197
4 86.1050347309 9.57957267613
4 86.1431653331 9.57960129321
4 86.2325346142 9.57965852737
4 86.3137554489 9.57971576153
4 86.4022531698 9.57977299568
4 86.441222403 9.57980161276
4 86.5158559896 9.57985884692
4 86.5899644265 9.57991608108
4 86.6557433568 9.57997331524
4 86.6878794614 9.58000193232
4 86.7616522523 9.58005916648
4 86.818148851 9.58011640064
4 86.8778912667 9.5801736348
4 86.9054658636 9.58020225188
4 86.9560322202 9.58025948603
4 87.0031585715 9.58031672019
4 87.0447931349 9.58037395435
4 87.0645067593 9.58040257143
4 87.1093513327 9.58045980559
4 87.149407664 9.58051703975
4 87.2008028093 9.58057427391
4 87.2389085669 9.58060289099
4 87.3221828331 9.58066012515
4 87.3911702076 9.58071735931
4 87.4642316885 9.58077459346
4 87.5004561225 9.58080321054
4 87.5898304834 9.5808604447
4 87.6565761912 9.58091767886
4 87.7214454394 9.58097491302
4 87.7519833127 9.5810035301
4 87.8039233202 9.58106076426
4 87.8691522441 9.58111799842
4 87.9347318114 9.58117523258
4 87.9611094283 9.58120384966
4 88.0127667102 9.58126108382
4 88.063559097 9.58131831797
4 88.115434378 9.58137555213
4 88.1423745345 9.58140416921
4 88.1887882832 9.58146140337
4 88.2373192977 9.58151863753
4 88.2878240783 9.58157587169
4 88.310335106 9.58160448877
4 88.360071506 9.58166172293
4 88.4085988061 9.58171895709
4 88.4584118665 9.58177619125
4 88.4850436113 9.58180480832
4 88.5425350403 9.58186204248
4 88.5973476933 9.58191927664
4 88.6572604646 9.5819765108
4 88.6933917444 9.58200512788
4 88.7988205986 9.58206236204
4 88.9182110122 9.5821195962
4 89.0094124416 9.58217683036
4 89.0446050057 9.58220544744
4 89.1089454507 9.5822626816
4 89.1728313679 9.58231991575
4 89.240719173 9.58237714991
4 89.2786709279 9.58240576699
4 89.3494036861 9.58246300115
4 89.6547730575 9.58252023531
4 89.8819850665 9.58257746947
4 89.9667104385 9.58260608655
4 90.1971578656 9.58266332071
4 90.33112146 9.58272055487
4 90.4363929301 9.58277778903
4 90.4719275953 9.58280640611
4 90.523176131 9.58286364026
4 90.5966557229 9.58292087442
4 90.6314999922 9.58297810858
4 90.6610432727 9.58300672566
4 90.7102525546 9.58306395982
4 90.7457404153 9.58312119398
