0.24791897039 0 831172.199956
0.540112045275 0.0585820445293 831177.187714
0.798269163848 0.0517581459522 831182.175472
1.14941726327 0.0704019888392 831187.163231
1.33045968117 0.0725947046566 831189.65711
1.79113424922 0.0923610461006 831194.644868
2.20537559721 0.0830516092942 831199.632626
2.61848826069 0.0828253183519 831204.620384
2.81359224902 0.078233137709 831207.114263
3.20673783694 0.0788221019525 831212.102022
3.64888811525 0.088647095088 831217.08978
4.06192432264 0.0828099896036 831222.077538
4.24013788692 0.0714603859949 831224.571417
4.58106801705 0.0683533792599 831229.559175
4.9699958628 0.0779764831443 831234.546934
5.36786586146 0.0797693031826 831239.534692
5.55381058417 0.0745604393982 831242.028571
5.97427690554 0.0842996596383 831247.016329
6.27209668465 0.0597101473681 831252.004088
6.48309748089 0.0423037337426 831256.991846
6.55499941564 0.0288313632703 831259.485725
6.67683887584 0.0244276996844 831264.473483
6.7831822494 0.0213208757506 831269.461241
6.85939705739 0.0152803733531 831274.449
6.89256866537 0.0133012092574 831276.942879
6.95935187649 0.0133894242672 831281.930637
7.01690418952 0.0115387134542 831286.918395
7.06710533167 0.0100648707926 831291.906153
7.09363402061 0.0106375199865 831294.400033
7.24945710826 0.0312411068005 831299.387791
7.57496349114 0.0652610587173 831304.375549
7.89618166734 0.0644013124182 831309.363307
7.9492785176 0.0212908676705 831311.857186
8.13003940153 0.0362409073389 831316.844945
8.29717407843 0.0335089772013 831321.832703
8.41642658865 0.0478180796476 831324.326582
8.66005773174 0.0488458204538 831329.31434
8.75770648048 0.0195776828365 831334.302098
8.81637940777 0.0117633863862 831339.289857
8.84939540287 0.0132388113297 831341.783736
8.91464527975 0.0130820047471 831346.771494
8.98392286856 0.013889524226 831351.759252
9.05421488879 0.0140929084678 831356.74701
9.1055534411 0.0205858222941 831359.24089
9.16853530772 0.0126272893914 831364.228648
9.22507467821 0.0113356277222 831369.216406
9.29211074464 0.0134401194493 831374.204164
9.37122772962 0.0317244667025 831376.698043
9.44622335249 0.015035937864 831381.685802
9.53786314219 0.0183729413945 831386.67356
9.63409571637 0.0192937527645 831391.661318
9.67976120743 0.018311028291 831394.155197
9.79679351985 0.023463910432 831399.142955
9.88713618909 0.018112880583 831404.130714
9.98005238534 0.0186288492573 831409.118472
10.0553326688 0.0301860194132 831411.612351
10.1657648497 0.0221406443196 831416.600109
10.2529916796 0.0174881832308 831421.587867
10.3473927358 0.0189265501176 831426.575626
10.47550706 0.0513715052933 831429.069505
10.6212118463 0.0292124797354 831434.057263
10.701925511 0.0161823530524 831439.045021
10.8379943653 0.0272805633225 831444.032779
10.9090076676 0.0284750378803 831446.526659
11.0319364154 0.0246460919155 831451.514417
11.1217479296 0.0180063888444 831456.502175
11.221004956 0.01990012782 831461.489933
11.2769461076 0.0224313805849 831463.983812
11.4040956256 0.0254923178112 831468.971571
11.5122139305 0.0216767332889 831473.959329
11.5749045896 0.0125689049435 831478.947087
11.6261099596 0.0205324185984 831481.440966
11.7740811302 0.0296668691098 831486.428724
11.9187779518 0.0290103920107 831491.416483
12.0227669825 0.0208488515008 831496.404241
12.0696402181 0.0187953118201 831498.89812
12.2773431874 0.0416425495407 831503.885878
12.4493274307 0.0344812709893 831508.873637
12.5181954186 0.0276148059599 831511.367516
12.6411067254 0.0246425951549 831516.355274
12.7502671627 0.0218856713087 831521.343032
12.8520441907 0.0204053651542 831526.33079
12.9044149374 0.0209997134044 831528.824669
12.9863684771 0.0164309366789 831533.812428
13.0754380864 0.0178576436927 831538.800186
13.1754342357 0.0200483152067 831543.787944
13.2255375964 0.02009053301 831546.281823
13.3286710446 0.0206773150178 831551.269581
13.445637172 0.0234506409376 831556.25734
13.5667258578 0.0242771762738 831561.245098
13.6264466618 0.0239469522111 831563.738977
13.7425431534 0.0232762868936 831568.726735
13.85517202 0.0225810597299 831573.714494
13.9546522408 0.0199448762649 831578.702252
14.0015423375 0.018802072831 831581.196131
14.0913362931 0.0180028684941 831586.183889
14.1830785516 0.0183934854681 831591.171647
14.2642314003 0.0162704054413 831596.159406
14.301678237 0.0150154979202 831598.653285
14.3861048415 0.0169267636033 831603.641043
14.4760973314 0.0180426728251 831608.628801
14.5517866042 0.0151750083289 831613.616559
14.5840113118 0.0129215195129 831616.110439
14.6694272021 0.0171251063633 831621.098197
14.743382931 0.0148274486138 831626.085955
14.8232212847 0.0160068612028 831631.073713
14.8616199939 0.0153971814237 831633.567592
14.9492155412 0.0175621077002 831638.555351
15.026415815 0.0154779502543 831643.543109
15.1121617789 0.0171912831279 831648.530867
15.154036781 0.0167911113901 831651.024746
15.2321174764 0.0156544667525 831656.012504
15.3159994567 0.0168175714296 831661.000263
15.397714084 0.0163830369197 831665.988021
15.4304493433 0.0131262414018 831668.4819
15.5041528602 0.014776882403 831673.469658
15.6077722069 0.0207747332339 831678.457416
15.6970355596 0.0178964874696 831683.445175
15.7500275729 0.0212488299489 831685.939054
15.8403500325 0.0181088287496 831690.926812
15.9220312153 0.0163763316025 831695.91457
15.9567340044 0.0139151849322 831698.408449
16.0269180781 0.0140712661696 831703.396208
16.0999052174 0.0146332552382 831708.383966
16.175076995 0.0150712552832 831713.371724
16.2052375574 0.0120938349486 831715.865603
16.2882497169 0.0166431802981 831720.853361
16.3724437222 0.0168801295728 831725.84112
16.4571951208 0.0169918818481 831730.828878
16.5147567132 0.0230811477987 831733.322757
16.600638116 0.0172184373726 831738.310515
16.6883019797 0.0175758045299 831743.298273
16.775641034 0.0175106831928 831748.286032
16.8162565237 0.0162860699464 831750.779911
16.8927057814 0.01532737838 831755.767669
16.965709809 0.014636641185 831760.755427
17.0306764085 0.0130252102156 831765.743185
17.0599161278 0.0117245937003 831768.237065
17.1763311799 0.0233401553632 831773.224823
17.2827905586 0.021344133715 831778.212581
17.3561110668 0.0147000926735 831783.200339
17.4488608829 0.0371909831159 831785.694218
17.5430381909 0.0188816906409 831790.681977
17.6089280286 0.0132103110602 831795.669735
17.6686223941 0.0119681754287 831800.657493
17.6850036049 0.00656856648349 831803.151372
17.7209263141 0.00720217530708 831808.13913
17.7536567483 0.00656215331073 831813.126889
17.7767113534 0.00462223789659 831818.114647
17.7944626819 0.00711795867378 831820.608526
17.8237220535 0.0058662369354 831825.596284
17.8495500978 0.00517828713959 831830.584043
17.8798158607 0.00606800921296 831835.571801
17.8937237029 0.00557679083575 831838.06568
17.9183113276 0.00492959432814 831843.053438
17.9410669679 0.00456229817797 831848.041196
17.9625688365 0.00431092839821 831853.028955
17.9723296302 0.00391390009933 831855.522834
17.9901859431 0.00358002775546 831860.510592
18.0084246685 0.00365669797658 831865.49835
18.0238987548 0.00310241305561 831870.486108
18.0308671694 0.0027942070367 831872.979987
18.0439764987 0.00262830087653 831877.967746
18.0670055749 0.00461711956859 831882.955504
18.0799228462 0.00517959001114 831885.449383
18.1139956755 0.00683129127197 831890.437141
18.1765566054 0.0125428954296 831895.4249
18.2286488423 0.0104440180175 831900.412658
18.2471179064 0.00740575757535 831902.906537
18.270630275 0.00471401529063 831907.894295
18.2922128236 0.0043271040043 831912.882053
18.3129688671 0.00416139726874 831917.869812
18.3233360592 0.00415705475401 831920.363691
18.3444900678 0.00424118564658 831925.351449
18.3651334326 0.00413880622552 831930.339207
18.3855492022 0.00409317545827 831935.326965
18.3958607681 0.00413474969229 831937.820845
18.4142426225 0.00368539403274 831942.808603
18.4292872982 0.00301632014331 831947.796361
18.4420990926 0.00256864785593 831952.784119
18.4490106046 0.00277139012877 831955.277998
18.4612566799 0.00245522631967 831960.265757
18.4749778904 0.00275097746034 831965.253515
18.4897416761 0.00296000428118 831970.241273
18.4996083977 0.00395637524053 831972.735152
18.5167047482 0.00342766222348 831977.72291
18.5303338746 0.00273251545053 831982.710669
18.5457537216 0.00309153858632 831987.698427
18.5538289022 0.00323799998442 831990.192306
18.5742569509 0.00409563731201 831995.180064
18.5915186809 0.00346081931144 832000.167822
18.608292751 0.00336304795399 832005.155581
18.6182263563 0.00398319438399 832007.64946
18.643016752 0.00497024806066 832012.637218
18.6709575742 0.00560187982714 832017.624976
18.6975972354 0.00534100890897 832022.612734
18.7080554934 0.00419357054117 832025.106614
18.7330955721 0.00502030723847 832030.094372
18.759469329 0.00528769752424 832035.08213
18.7875135407 0.00562260847155 832040.069888
18.7999219941 0.0049755633038 832042.563767
18.8262227457 0.00527306062763 832047.551526
18.8491398732 0.00459467489733 832052.539284
18.8751050077 0.0052057724664 832057.527042
18.8941802134 0.00764880927498 832060.020921
18.9239798593 0.00597455700314 832065.008679
18.9460868649 0.00443225284095 832069.996438
18.9658096403 0.00395423644925 832074.984196
18.9746635585 0.00355025956291 832077.478075
18.9930537492 0.00368706539675 832082.465833
19.0161679301 0.00463418228408 832087.453591
19.0267111555 0.00422764092976 832089.947471
19.0524498864 0.00516038061579 832094.935229
19.0806026731 0.00564437677323 832099.922987
19.1053936216 0.00497035889517 832104.910745
19.1195177615 0.00566352225713 832107.404624
19.1455814892 0.00522553950369 832112.392383
19.1699098558 0.00487761544697 832117.380141
19.193714893 0.00477269269088 832122.367899
19.2066816501 0.00519943285814 832124.861778
19.2290828538 0.00449123687774 832129.849536
19.2524892039 0.00469275956633 832134.837295
19.2760251421 0.00471874077921 832139.825053
19.2866991528 0.00428008341646 832142.318932
19.3119216248 0.00505687541898 832147.30669
19.3386758085 0.00536396964394 832152.294449
19.3682676697 0.00593289807808 832157.282207
19.3826944907 0.00578489186388 832159.776086
19.4159326587 0.00666394929569 832164.763844
19.4464209081 0.00611261571647 832169.751602
19.4718314373 0.00509457916898 832174.739361
19.4846890556 0.00515567022993 832177.23324
19.5106295613 0.00520083462322 832182.220998
19.5372775356 0.00534267562543 832187.208756
19.5602408621 0.00460393735214 832192.196514
19.5719625581 0.00470018615461 832194.690393
19.598516197 0.0053237622255 832199.678152
19.6267203706 0.00565467936317 832204.66591
19.6544664005 0.00556282574398 832209.653668
19.6683480509 0.00556628842546 832212.147547
19.6938495144 0.00511281066768 832217.135306
19.7185987762 0.0049620010958 832222.123064
19.7431213122 0.00491654462989 832227.110822
19.7571003793 0.00560535071709 832229.604701
19.7898675946 0.00656952758973 832234.592459
19.8155240083 0.0051438767657 832239.580218
19.8414052222 0.00518894716398 832244.567976
19.8538334929 0.00498350968277 832247.061855
19.8788921425 0.0050240305232 832252.049613
19.903741157 0.00498200058236 832257.037371
19.9280033572 0.00486434969402 832262.02513
19.9396104403 0.00465422842916 832264.519009
19.9631869115 0.00472686728199 832269.506767
19.9965128354 0.00668154357084 832274.494525
20.0231968844 0.0106998165237 832276.988404
20.0631891444 0.00801808310299 832281.976163
20.1174833978 0.0108855022292 832286.963921
20.1530190417 0.00712457226007 832291.951679
20.1688764696 0.00635853908289 832294.445558
20.2077063152 0.00778502963484 832299.433316
20.234355902 0.0053429989037 832304.421075
20.2622267801 0.00558785667504 832309.408833
20.2771975689 0.00600301302794 832311.902712
20.3047927465 0.00553258123516 832316.89047
20.3301725718 0.00508842330245 832321.878228
20.3671612219 0.00741588673305 832326.865987
20.3903541065 0.00929992333923 832329.359866
20.4313253063 0.00821435160485 832334.347624
20.4633298715 0.00641662320207 832339.335382
20.508475606 0.00905130769174 832344.32314
20.5301146206 0.00867684986981 832346.81702
20.5613085563 0.00625409938063 832351.804778
20.6014426249 0.00804651442523 832356.792536
20.6717546169 0.0140969126251 832361.780294
20.6898951516 0.00727402328286 832364.274173
20.7180819365 0.00565119308224 832369.261932
20.7415296784 0.00470105825032 832374.24969
20.765824449 0.00487087974728 832379.237448
20.7787348283 0.00517682641766 832381.731327
20.8047262831 0.00521104944653 832386.719085
20.8354200796 0.0061538260529 832391.706844
20.8659457734 0.00612012298055 832396.694602
20.8803583201 0.00577916813014 832399.188481
20.9077637242 0.00549453337006 832404.176239
20.94331432 0.00712756998385 832409.163997
20.9772844794 0.00681070688076 832414.151756
20.990278481 0.00521035744912 832416.645635
21.0242307608 0.00680712219849 832421.633393
21.052761959 0.00572024482714 832426.621151
21.0754021333 0.00453914830228 832431.60891
21.0869269779 0.00462125229421 832434.102789
21.1105934431 0.00474491025134 832439.090547
21.1322809841 0.00434815401663 832444.078305
21.1563360422 0.00482281960163 832449.066063
21.1664488644 0.00405505707003 832451.559942
21.1871066521 0.00414169788769 832456.547701
21.2125084393 0.00509282648315 832461.535459
21.2234896767 0.00440327572418 832464.029338
21.2446419274 0.00424083319459 832469.017096
21.2666287968 0.00440816664388 832474.004855
21.2912123168 0.0049287713626 832478.992613
21.3020885348 0.0043611648637 832481.486492
21.3243151077 0.00445622500811 832486.47425
21.3471559993 0.00457939027879 832491.462008
21.3792874391 0.00644206040416 832496.449767
21.394720936 0.00618855052038 832498.943646
21.4215577443 0.00538053511729 832503.931404
21.4450864973 0.00471730020456 832508.919162
21.4694762699 0.00488992679078 832513.90692
21.4823393264 0.00515785084888 832516.400799
21.5075760543 0.00505973359364 832521.388558
21.5331213707 0.00512160278005 832526.376316
21.5635442451 0.00609950863477 832531.364074
21.5806828391 0.00687226331144 832533.857953
21.6119464134 0.00626806129723 832538.845712
21.6445648971 0.0065397082525 832543.83347
21.698034967 0.0107202609642 832548.821228
21.7226042104 0.0098518181203 832551.315107
21.763440065 0.00818721611599 832556.302865
21.80223148 0.00777732462787 832561.290624
21.8352790477 0.00662573569279 832566.278382
21.8502841858 0.00601678645016 832568.772261
21.8786354504 0.00568416978345 832573.760019
21.9064259546 0.00557174243187 832578.747777
21.9322860591 0.00518471491572 832583.735536
21.9447596842 0.00500169595196 832586.229415
21.9693116467 0.00492244439122 832591.217173
21.9933567049 0.00482081469813 832596.204931
22.0179292805 0.0049265771228 832601.192689
22.0310401453 0.00525721743619 832603.686569
22.0554487422 0.00489370088844 832608.674327
22.0873390172 0.00639370906175 832613.662085
22.1162879408 0.00580399495268 832618.649843
22.1296200087 0.00534591584993 832621.143722
22.1569778916 0.00548500580239 832626.131481
22.1867279335 0.00596461186452 832631.119239
22.2176548127 0.00620055700101 832636.106997
22.2328210799 0.0060813962695 832638.600876
22.2642228936 0.00629577703813 832643.588634
22.2957649381 0.00632389202188 832648.576393
22.3105406264 0.00592478125677 832651.070272
22.3405029429 0.00600717098145 832656.05803
22.3724911378 0.00641334110173 832661.045788
22.4116019922 0.00784136933921 832666.033546
22.4268325654 0.00610718179771 832668.527426
22.4656732441 0.00778720156338 832673.515184
