2.0 43024608372.4 
3.0 22075898021.2 
4.0 8900869559.37 
5.0 4670655950.92 
6.0 2549509670.96 
7.0 1818551588.99 
8.0 1173645033.4 
9.0 944493425.428 
10.0 665163224.638 
11.0 591431552.584 
12.0 527001187.116 
13.0 461809777.77 
14.0 420239201.738 
15.0 400030281.08 
16.0 360807348.428 
17.0 327953330.513 
18.0 287304621.493 
19.0 270283940.898 
20.0 242634934.712 
21.0 219669791.676 
22.0 208559094.97 
23.0 192071786.256 
24.0 170519088.319 
25.0 155901817.114 
26.0 145020845.373 
27.0 134646204.055 
28.0 123800501.788 
29.0 118240095.205 
30.0 106286062.392 
31.0 103180944.833 
32.0 93198154.6926 
33.0 89210066.1355 
34.0 82713531.0155 
35.0 79078506.4996 
36.0 74285921.4403 
37.0 70491208.3077 
38.0 67231220.5541 
39.0 63935558.7166 
40.0 61194552.5088 
41.0 58307094.4759 
42.0 55281281.1951 
43.0 52878048.0505 
44.0 50268657.9707 
45.0 48241134.5873 
46.0 46551432.6857 
47.0 44518554.7287 
48.0 42591757.5268 
49.0 40982559.8021 
50.0 38975837.753 
51.0 38166140.9556 
52.0 35761830.9292 
53.0 35073114.8174 
54.0 33704595.8362 
55.0 32518735.4046 
56.0 31069239.69 
57.0 30218785.3457 
58.0 29045535.4546 
59.0 28148975.818 
60.0 27174986.7916 
61.0 26216171.3999 
62.0 25713567.4594 
63.0 24690874.4475 
64.0 23864139.7108 
65.0 23507945.1167 
66.0 22411041.5425 
67.0 21955771.6179 
68.0 21197262.6658 
69.0 20672662.6091 
70.0 20035380.6707 
71.0 19638715.2923 
72.0 19068702.3045 
73.0 18504934.7586 
74.0 17793470.3238 
75.0 17569424.4901 
76.0 17021424.605 
77.0 16660280.7011 
78.0 16160569.4403 
79.0 15646164.5793 
80.0 15359277.2011 
81.0 15036183.3625 
82.0 14567906.6415 
83.0 14198410.6811 
84.0 13944030.0991 
85.0 13669018.1285 
86.0 13295566.3639 
87.0 13054785.6928 
88.0 12788564.8167 
89.0 12592145.1341 
90.0 12131007.8317 
91.0 12007651.6366 
92.0 11690934.54 
93.0 11443276.1643 
94.0 11251296.3213 
95.0 10966771.3368 
96.0 10751692.2498 
97.0 10572173.0439 
98.0 10271611.1676 
99.0 10073856.724 
100.0 9913817.44176 
101.0 9747340.18655 
102.0 9532872.51577 
103.0 9376754.44634 
104.0 9147214.5844 
105.0 9029451.65466 
106.0 8825673.09451 
107.0 8678401.78923 
108.0 8467387.27225 
109.0 8396532.25455 
110.0 8204901.01246 
111.0 8108601.14067 
112.0 7901138.09857 
113.0 7794370.41234 
114.0 7663407.44778 
115.0 7543434.20764 
116.0 7423647.53797 
117.0 7285518.80542 
118.0 7148942.1475 
119.0 7108044.8612 
120.0 6927070.64039 
121.0 6806233.78279 
122.0 6701060.89105 
123.0 6603152.21213 
124.0 6492675.7493 
125.0 6400496.52089 
126.0 6269074.53969 
127.0 6231009.0206 
128.0 6104172.01827 
129.0 6049070.26169 
130.0 5935064.55381 
131.0 5852964.18659 
132.0 5768421.21548 
133.0 5674690.32334 
134.0 5578586.58435 
135.0 5550001.0455 
136.0 5447821.24028 
137.0 5365447.81597 
138.0 5291061.22673 
139.0 5210129.71672 
140.0 5167000.96955 
141.0 5062278.24393 
142.0 5002079.18973 
143.0 4934756.56158 
144.0 4844600.78191 
145.0 4820340.00994 
146.0 4730186.73009 
147.0 4685782.19741 
148.0 4616962.03498 
149.0 4574963.11033 
150.0 4498400.73999 
151.0 4463634.07501 
152.0 4391335.60716 
153.0 4353825.11181 
154.0 4278889.76327 
155.0 4236373.95702 
156.0 4174129.86774 
157.0 4133824.74314 
158.0 4075630.79281 
159.0 4036594.0083 
160.0 3974796.88699 
161.0 3941201.19717 
162.0 3897483.45695 
163.0 3841146.76074 
164.0 3800421.16678 
165.0 3750319.6419 
166.0 3709772.6068 
167.0 3686304.06566 
168.0 3630371.02313 
169.0 3599248.99306 
170.0 3539719.5152 
171.0 3515773.11638 
172.0 3479588.18555 
173.0 3446092.81672 
174.0 3410269.22324 
175.0 3370076.09081 
176.0 3333683.14408 
177.0 3293411.29754 
178.0 3262445.11657 
179.0 3218238.70571 
180.0 3189540.41552 
181.0 3154771.42608 
182.0 3126911.88266 
183.0 3094244.68826 
184.0 3059071.3046 
185.0 3035778.44153 
186.0 2996405.3707 
187.0 2974629.26209 
188.0 2937416.98915 
189.0 2921879.75762 
190.0 2884546.16056 
191.0 2863449.89036 
192.0 2829400.28695 
193.0 2811137.66746 
194.0 2776259.05468 
195.0 2761595.30666 
196.0 2721013.1808 
197.0 2706904.41461 
198.0 2684828.18216 
199.0 2651402.30094 
200.0 2626380.41862 
201.0 2605177.87039 
202.0 2580289.58587 
203.0 2557531.73465 
204.0 2531745.88634 
205.0 2518764.51421 
206.0 2484972.39074 
207.0 2468991.00568 
208.0 2451371.86987 
209.0 2427196.66268 
210.0 2405167.0079 
211.0 2385254.40886 
212.0 2364489.05373 
213.0 2346527.49668 
214.0 2319973.31589 
215.0 2309772.3869 
216.0 2296529.28988 
217.0 2267361.96196 
218.0 2257303.26577 
219.0 2231920.80367 
220.0 2218725.90662 
221.0 2198220.50876 
222.0 2181798.03365 
223.0 2164023.96544 
224.0 2145597.07937 
225.0 2129961.00775 
226.0 2113275.44843 
227.0 2100992.5209 
228.0 2078802.97643 
229.0 2067439.25973 
230.0 2050152.76026 
231.0 2037627.61349 
232.0 2021427.36532 
233.0 2005685.76021 
234.0 1985164.86522 
235.0 1977842.37571 
236.0 1960514.588 
237.0 1948416.46176 
238.0 1933816.89955 
239.0 1923761.80227 
240.0 1905025.70032 
241.0 1893760.04493 
242.0 1875011.6805 
243.0 1868040.3919 
244.0 1850500.09366 
245.0 1841400.05766 
246.0 1831013.80707 
247.0 1813540.46477 
248.0 1800724.87163 
249.0 1793457.85372 
250.0 1781593.52154 
251.0 1768365.00588 
252.0 1753965.60117 
253.0 1744955.91717 
254.0 1731508.28526 
255.0 1717402.09926 
256.0 1711504.62539 
257.0 1702214.87997 
258.0 1692272.46441 
259.0 1678227.22504 
260.0 1668335.98944 
261.0 1656152.2098 
262.0 1652126.37407 
263.0 1639759.05843 
264.0 1626821.41047 
265.0 1620559.95626 
266.0 1607858.98549 
267.0 1602096.52267 
268.0 1587068.33222 
269.0 1577459.62132 
270.0 1569304.87422 
271.0 1561975.41698 
272.0 1548984.76355 
273.0 1544158.24225 
274.0 1533921.82949 
275.0 1529646.45397 
276.0 1518332.52955 
277.0 1507685.50522 
278.0 1505845.89534 
279.0 1493225.63866 
280.0 1483748.30305 
281.0 1475851.59551 
282.0 1467293.43155 
283.0 1461422.68647 
284.0 1452965.0063 
285.0 1447765.53881 
286.0 1437446.09807 
287.0 1433198.72773 
288.0 1423051.62746 
289.0 1419082.21244 
290.0 1406235.30572 
291.0 1404370.64766 
292.0 1394374.23474 
293.0 1386909.96271 
294.0 1380779.79504 
295.0 1372260.26372 
296.0 1367012.78921 
297.0 1364062.82233 
298.0 1351845.66732 
299.0 1347145.18919 
300.0 1341676.01384 
301.0 1333509.02058 
302.0 1331455.83186 
303.0 1320540.70653 
304.0 1316480.80585 
305.0 1312309.29414 
306.0 1302794.14654 
307.0 1301092.46651 
308.0 1289412.97426 
309.0 1288602.08205 
310.0 1279316.18024 
311.0 1275692.66474 
312.0 1267078.23766 
313.0 1263513.75626 
314.0 1257955.30955 
315.0 1253096.94091 
316.0 1246984.93453 
317.0 1244643.9082 
318.0 1237415.91244 
319.0 1232715.28539 
320.0 1226661.73696 
321.0 1223997.20906 
322.0 1216673.52062 
323.0 1209701.18426 
324.0 1207572.89995 
325.0 1205809.5575 
326.0 1198056.00535 
327.0 1193101.58718 
328.0 1189091.43432 
329.0 1185891.11371 
330.0 1178250.5285 
331.0 1174781.49204 
332.0 1173899.97143 
333.0 1168339.80376 
334.0 1161609.00995 
335.0 1161732.2669 
336.0 1154500.21609 
337.0 1152733.00726 
338.0 1147846.71462 
339.0 1141643.19727 
340.0 1140060.18472 
341.0 1133653.37156 
342.0 1132179.65673 
343.0 1129614.57156 
344.0 1122005.84203 
345.0 1123623.51079 
346.0 1115699.37384 
347.0 1114904.82548 
348.0 1111390.2212 
349.0 1106109.23706 
350.0 1104402.91993 
351.0 1100472.4523 
352.0 1096457.02734 
353.0 1093894.91473 
354.0 1090236.68645 
355.0 1088227.22605 
356.0 1082900.52232 
357.0 1082680.18686 
358.0 1076919.68523 
359.0 1075931.79083 
360.0 1072397.33977 
361.0 1066660.16333 
362.0 1067441.69047 
363.0 1062502.48866 
364.0 1059413.12596 
365.0 1057410.90117 
366.0 1051277.1433 
367.0 1053190.20581 
368.0 1046580.94805 
369.0 1045558.85763 
370.0 1042051.03384 
371.0 1041340.51667 
372.0 1037951.20247 
373.0 1035034.84431 
374.0 1031716.36871 
375.0 1030506.75738 
376.0 1028981.57293 
377.0 1025951.20605 
378.0 1021338.81916 
379.0 1020611.66668 
380.0 1017902.22701 
381.0 1016100.62091 
382.0 1013110.56207 
383.0 1010424.23222 
384.0 1008057.16138 
385.0 1006757.10062 
386.0 1004113.39946 
387.0 1002870.64998 
388.0 999292.723835 
389.0 999465.485028 
390.0 994759.271948 
391.0 996286.70174 
392.0 992586.875428 
393.0 991473.622665 
394.0 988941.363884 
395.0 987275.859733 
396.0 984469.60994 
397.0 982072.319717 
398.0 982416.120504 
399.0 979925.512004 
400.0 978599.654148 
401.0 977664.47751 
402.0 974226.450507 
403.0 975320.83949 
404.0 971018.608728 
405.0 970291.323846 
406.0 967765.338993 
407.0 967790.570811 
408.0 966098.885438 
409.0 962871.25237 
410.0 963900.755142 
411.0 962568.051171 
412.0 959159.553547 
413.0 960279.78199 
414.0 958668.747141 
415.0 957609.32077 
416.0 955818.167729 
417.0 954972.309292 
418.0 954262.089089 
419.0 952140.108802 
420.0 951286.391438 
421.0 950142.403019 
422.0 950325.441452 
423.0 947801.30802 
424.0 948456.00844 
425.0 947455.439383 
426.0 944619.649293 
427.0 945847.276708 
428.0 944006.713985 
429.0 945003.99114 
430.0 943253.301439 
431.0 942745.73335 
432.0 941540.645779 
433.0 940173.301498 
434.0 940838.215733 
435.0 939224.625103 
436.0 941389.733065 
437.0 938938.503506 
438.0 936965.610112 
439.0 938536.347915 
440.0 936102.992837 
441.0 937219.68825 
442.0 936307.615065 
443.0 936140.865519 
444.0 936460.195422 
445.0 936499.110622 
446.0 933634.367336 
447.0 934454.693184 
448.0 933560.837527 
449.0 935797.692226 
450.0 931837.909086 
451.0 932832.702532 
452.0 932991.285797 
453.0 931722.209811 
454.0 933329.024092 
455.0 931509.15279 
456.0 932259.924783 
457.0 931748.56461 
458.0 931548.083092 
459.0 932716.964203 
460.0 930118.839776 
461.0 931598.070719 
462.0 930701.342887 
463.0 930847.414072 
464.0 930934.803039 
465.0 931465.837705 
466.0 930103.652326 
467.0 930896.01387 
468.0 930892.451627 
469.0 930625.566024 
470.0 930731.510776 
471.0 932182.140767 
472.0 931072.056733 
473.0 931929.480702 
474.0 931462.661467 
475.0 932846.638642 
476.0 931916.153852 
477.0 932778.393747 
478.0 933588.862312 
479.0 932518.246912 
480.0 933258.075064 
481.0 933961.491281 
482.0 933242.546765 
483.0 934541.834534 
484.0 933858.831794 
485.0 935800.143348 
486.0 936640.857398 
487.0 937128.94031 
488.0 936509.647198 
489.0 938863.482628 
490.0 938179.056481 
491.0 939711.040857 
492.0 940084.880677 
493.0 941490.395869 
494.0 941512.631123 
495.0 943283.848204 
496.0 943432.535967 
497.0 946230.231196 
498.0 944735.941323 
499.0 947009.007618 
500.0 947736.598486 
501.0 751780.983182 
502.0 554076.316243 
503.0 553661.864683 
504.0 553482.25326 
505.0 552615.11251 
506.0 552417.182316 
507.0 552633.5837 
508.0 552645.858599 
509.0 552646.733991 
510.0 552479.060233 
511.0 552808.912391 
512.0 553591.824693 
513.0 554157.88613 
514.0 554121.644424 
515.0 554606.056938 
516.0 554199.068385 
517.0 554642.562611 
518.0 554670.730001 
519.0 554776.137751 
520.0 554747.683424 
521.0 555029.200446 
522.0 555789.874841 
523.0 556233.089677 
524.0 557305.178186 
525.0 557426.233058 
526.0 557698.898148 
527.0 558087.885141 
528.0 559268.830078 
529.0 559316.653741 
530.0 560351.539514 
531.0 560261.034121 
532.0 560443.146347 
533.0 560978.902538 
534.0 561866.845555 
535.0 561201.002261 
536.0 562226.015886 
537.0 563493.270806 
538.0 563720.964111 
539.0 564392.503853 
540.0 565287.854372 
541.0 565978.679741 
542.0 566321.37464 
543.0 567897.799129 
544.0 568859.388747 
545.0 569102.19491 
546.0 569482.191758 
547.0 570059.696416 
548.0 570295.721975 
549.0 571170.968072 
550.0 571451.156883 
551.0 572382.164683 
552.0 572491.706848 
553.0 573778.831065 
554.0 574372.082012 
555.0 575410.637391 
556.0 576085.007366 
557.0 575799.764845 
558.0 576966.457825 
559.0 578152.151048 
560.0 579120.531356 
561.0 580139.532313 
562.0 581004.308094 
563.0 581815.828178 
564.0 582266.508375 
565.0 583544.760364 
566.0 584378.505449 
567.0 585542.048435 
568.0 586559.051039 
569.0 587089.275047 
570.0 587527.927077 
571.0 588549.939149 
572.0 589500.82394 
573.0 589611.267009 
574.0 590176.607732 
575.0 590180.329701 
576.0 591085.420408 
577.0 592484.022317 
578.0 593392.770168 
579.0 593532.323747 
580.0 593730.901238 
581.0 595245.844746 
582.0 596083.123362 
583.0 596185.111644 
584.0 597338.007827 
585.0 598632.57343 
586.0 598880.031113 
587.0 599152.870024 
588.0 599495.858911 
589.0 601078.772906 
590.0 601003.202608 
591.0 601790.812143 
592.0 603716.725421 
593.0 604377.124644 
594.0 606458.903635 
595.0 607026.769937 
596.0 607815.75869 
597.0 609251.701088 
598.0 611078.487725 
599.0 612754.828158 
600.0 614311.597377 
601.0 615414.474912 
602.0 617348.226268 
603.0 619408.057188 
604.0 620456.363379 
605.0 621256.890841 
606.0 621936.003346 
607.0 622404.189488 
608.0 624603.498005 
609.0 625873.840957 
610.0 626485.732128 
611.0 627571.852781 
612.0 629159.884378 
613.0 629919.528768 
614.0 631199.263876 
615.0 632289.957323 
616.0 634317.879947 
617.0 635631.170578 
618.0 637373.279247 
619.0 638641.493813 
620.0 639867.309426 
621.0 641917.156182 
622.0 642615.7455 
623.0 644304.008078 
624.0 645211.92526 
625.0 647011.093238 
626.0 648154.980145 
627.0 648438.126827 
628.0 649662.190769 
629.0 651733.360789 
630.0 652187.766729 
631.0 651901.279595 
632.0 651806.241651 
633.0 653572.158939 
634.0 655415.979889 
635.0 656247.263892 
636.0 657741.937544 
637.0 658352.892804 
638.0 659600.178756 
639.0 659826.126922 
640.0 661512.434202 
641.0 663304.687295 
642.0 663338.00137 
643.0 663317.855548 
644.0 664001.99867 
645.0 664139.1222 
646.0 665469.786893 
647.0 665624.760371 
648.0 666438.840275 
649.0 667797.17479 
650.0 667259.16616 
651.0 669555.750693 
652.0 670601.883066 
653.0 671688.547285 
654.0 672049.973611 
655.0 674720.921548 
656.0 675517.090388 
657.0 678293.894606 
658.0 679486.621033 
659.0 681751.964998 
660.0 682649.222395 
661.0 684661.648228 
662.0 686901.368644 
663.0 687233.015183 
664.0 688555.652889 
665.0 688561.630298 
666.0 689762.654376 
667.0 691956.18962 
668.0 692525.18575 
669.0 692781.896031 
670.0 693967.983329 
671.0 695551.145214 
672.0 696815.176492 
673.0 699089.647254 
674.0 701437.669924 
675.0 704335.241433 
676.0 705248.748315 
677.0 707563.229761 
678.0 710088.94672 
679.0 711531.804882 
680.0 713599.62978 
681.0 716317.6642 
682.0 718735.692804 
683.0 719394.152759 
684.0 720495.183707 
685.0 720960.000455 
686.0 722630.907359 
687.0 722933.90146 
688.0 722838.101678 
689.0 722381.855399 
690.0 722370.139093 
691.0 723726.528268 
692.0 724265.835471 
693.0 724723.107835 
694.0 726493.691564 
695.0 728096.185131 
696.0 729513.81307 
697.0 730755.381733 
698.0 733759.460207 
699.0 735699.533659 
700.0 737462.542341 
701.0 739120.922645 
702.0 739335.042889 
703.0 742220.432034 
704.0 744236.454834 
705.0 745269.71442 
706.0 748903.069596 
707.0 749852.989733 
708.0 752890.904846 
709.0 754811.750997 
710.0 758400.149182 
711.0 759702.426741 
712.0 760758.142679 
713.0 761444.897669 
714.0 765885.742757 
715.0 766403.62223 
716.0 767936.013697 
717.0 769151.810738 
718.0 772201.835532 
719.0 774329.743384 
720.0 774445.079213 
721.0 775963.480214 
722.0 778484.554577 
723.0 779403.849278 
724.0 780618.389062 
725.0 781534.465883 
726.0 781671.611514 
727.0 782516.628509 
728.0 782815.850667 
729.0 782430.425929 
730.0 783191.23687 
731.0 784113.048554 
732.0 785191.863652 
733.0 786628.870891 
734.0 787304.015216 
735.0 784690.133775 
736.0 786424.014844 
737.0 790527.29462 
738.0 791083.231517 
739.0 792555.544408 
740.0 794258.580412 
741.0 795656.975505 
742.0 796446.377539 
743.0 795553.947205 
744.0 799700.555961 
745.0 796212.554395 
746.0 802960.783286 
747.0 805014.616698 
748.0 807423.831871 
749.0 806168.813338 
750.0 809697.316901 
751.0 809286.759172 
752.0 813996.667608 
753.0 818389.144701 
754.0 814696.463329 
755.0 818781.758628 
756.0 818804.08738 
757.0 820460.506651 
758.0 824920.268011 
759.0 824064.988096 
760.0 827496.473067 
761.0 827611.443629 
762.0 830133.583388 
763.0 830958.94628 
764.0 835055.228815 
765.0 834286.121838 
766.0 838397.279808 
767.0 835932.648179 
768.0 840677.985799 
769.0 841023.272048 
770.0 841458.136327 
771.0 847202.887206 
772.0 847141.963966 
773.0 848888.43599 
774.0 848921.480343 
775.0 851357.685278 
776.0 855094.908764 
777.0 853549.348539 
778.0 856860.58042 
779.0 857245.790179 
780.0 856611.906874 
781.0 855998.990225 
782.0 862617.422863 
783.0 865562.733429 
784.0 869063.432978 
785.0 873897.201898 
786.0 881702.995907 
787.0 885826.449584 
788.0 890184.61631 
789.0 892738.381641 
790.0 898402.570211 
791.0 898557.494851 
792.0 904418.537543 
793.0 904271.661193 
794.0 908932.052804 
795.0 909846.651315 
796.0 919213.093218 
797.0 920924.732593 
798.0 917377.746086 
799.0 927663.528756 
800.0 930057.433966 
801.0 926485.31302 
802.0 921857.795726 
803.0 930237.876531 
804.0 932058.064402 
805.0 934262.421702 
806.0 940213.380268 
807.0 945272.99415 
808.0 942819.519096 
809.0 957201.704504 
810.0 972098.569396 
811.0 972894.045525 
812.0 974373.602317 
813.0 980537.348035 
814.0 989409.919128 
815.0 1001767.44995 
816.0 1002599.10598 
817.0 1000451.54387 
818.0 1019573.89492 
819.0 1021494.88724 
820.0 1030124.14705 
821.0 1042400.01924 
822.0 1047139.24779 
823.0 1048453.92575 
824.0 1048372.18025 
825.0 1041571.56489 
826.0 1042870.1748 
827.0 1052728.00852 
828.0 1065981.0547 
829.0 1045915.88124 
830.0 1070406.3324 
831.0 1076199.08916 
832.0 1080580.42485 
833.0 1061804.48289 
834.0 1060849.84993 
835.0 1079306.66861 
836.0 1080206.35278 
837.0 1066782.16191 
838.0 1056508.49548 
839.0 1045955.36813 
840.0 1060093.37178 
841.0 1032229.93044 
842.0 1005666.71934 
843.0 1020895.3511 
844.0 978809.027587 
845.0 964875.564889 
846.0 948103.876952 
847.0 947054.912316 
848.0 961819.26449 
849.0 947831.615071 
850.0 963339.212073 
851.0 959649.01091 
852.0 952638.417675 
853.0 964086.051768 
854.0 930964.383645 
855.0 946864.429959 
856.0 930272.637699 
857.0 925181.567099 
858.0 936734.054711 
859.0 906493.274706 
860.0 921141.012812 
861.0 960108.754644 
862.0 910401.090318 
863.0 854297.043324 
864.0 899355.554684 
865.0 1011568.50969 
866.0 750416.200915 
