2.0 24986763008.9 
3.0 11882351729.0 
4.0 7847277401.77 
5.0 4603768517.3 
6.0 2535020655.22 
7.0 1484761437.43 
8.0 989999488.809 
9.0 684422749.992 
10.0 500600697.032 
11.0 370964896.696 
12.0 315522610.751 
13.0 246078038.223 
14.0 215656719.519 
15.0 192200505.275 
16.0 174971364.913 
17.0 166959302.837 
18.0 154509945.076 
19.0 146446450.602 
20.0 136134936.066 
21.0 129986751.019 
22.0 124176839.085 
23.0 114134718.751 
24.0 107448357.245 
25.0 102620157.357 
26.0 93883962.2474 
27.0 86524957.9113 
28.0 83582337.2697 
29.0 77937561.918 
30.0 72479685.9527 
31.0 69638527.2102 
32.0 63809220.1149 
33.0 61094256.4305 
34.0 55833585.1758 
35.0 53738798.126 
36.0 50364008.6215 
37.0 47406268.0659 
38.0 45752210.6402 
39.0 43825112.66 
40.0 41057792.1041 
41.0 39594178.1596 
42.0 37490779.3761 
43.0 36138556.4681 
44.0 34463085.0427 
45.0 32770209.5554 
46.0 31340938.967 
47.0 30554761.5171 
48.0 29024620.2537 
49.0 28056186.714 
50.0 26821013.0747 
51.0 25813623.722 
52.0 24756648.8837 
53.0 23718476.4925 
54.0 23103528.4649 
55.0 22136398.7209 
56.0 21470562.0188 
57.0 20624954.3512 
58.0 19817950.0323 
59.0 19194164.3031 
60.0 18690423.0106 
61.0 17988962.7056 
62.0 17567480.6356 
63.0 16898946.1891 
64.0 16177752.6596 
65.0 15868990.2043 
66.0 15284002.724 
67.0 14843023.4444 
68.0 14494187.288 
69.0 14106615.6029 
70.0 13668359.4068 
71.0 13305154.8237 
72.0 12885760.9757 
73.0 12567170.7772 
74.0 12184868.0112 
75.0 11964855.2741 
76.0 11564603.3741 
77.0 11334697.2126 
78.0 11066519.8392 
79.0 10725251.2576 
80.0 10489879.1787 
81.0 10263899.4773 
82.0 9995835.79054 
83.0 9828552.85152 
84.0 9545569.08951 
85.0 9358544.71428 
86.0 9078460.59429 
87.0 8919789.15974 
88.0 8716466.57668 
89.0 8546611.10716 
90.0 8303101.97002 
91.0 8148747.8278 
92.0 7977024.8002 
93.0 7795735.18981 
94.0 7624870.48954 
95.0 7492730.07703 
96.0 7372271.45091 
97.0 7238450.15882 
98.0 7005227.34867 
99.0 6930416.37487 
100.0 6787295.05783 
101.0 6659656.27794 
102.0 6527383.59074 
103.0 6421595.35975 
104.0 6261650.73083 
105.0 6160707.59051 
106.0 6055144.80863 
107.0 5926705.65169 
108.0 5814355.9972 
109.0 5740747.99905 
110.0 5597424.44933 
111.0 5522898.65539 
112.0 5396958.10572 
113.0 5333648.6628 
114.0 5230271.06104 
115.0 5139574.39439 
116.0 5043535.327 
117.0 4977357.75304 
118.0 4894186.58322 
119.0 4819389.8104 
120.0 4723558.28099 
121.0 4644892.47097 
122.0 4576741.68161 
123.0 4502300.76448 
124.0 4434118.00384 
125.0 4365534.43718 
126.0 4300089.08089 
127.0 4241178.30919 
128.0 4174923.78776 
129.0 4100970.48473 
130.0 4026013.32327 
131.0 3994668.79787 
132.0 3923415.60938 
133.0 3874268.02578 
134.0 3802816.36078 
135.0 3767512.57143 
136.0 3704341.08247 
137.0 3638121.35096 
138.0 3596922.01783 
139.0 3559770.22888 
140.0 3511013.90913 
141.0 3453350.46709 
142.0 3405418.43948 
143.0 3364186.4249 
144.0 3312232.84393 
145.0 3275418.38102 
146.0 3230101.54272 
147.0 3195046.41808 
148.0 3127468.6468 
149.0 3098593.01277 
150.0 3054901.9645 
151.0 3021693.99355 
152.0 2987097.96284 
153.0 2952876.79223 
154.0 2907977.3805 
155.0 2873833.5288 
156.0 2840062.58797 
157.0 2803177.39599 
158.0 2781779.02652 
159.0 2737675.88751 
160.0 2705282.81212 
161.0 2682899.47358 
162.0 2634741.60046 
163.0 2606913.88358 
164.0 2579932.55353 
165.0 2549856.48984 
166.0 2523873.79198 
167.0 2495202.68218 
168.0 2463794.93996 
169.0 2435687.71416 
170.0 2406831.32405 
171.0 2384316.81839 
172.0 2361412.97413 
173.0 2335792.29562 
174.0 2310672.57899 
175.0 2277804.60781 
176.0 2257774.14092 
177.0 2238250.42814 
178.0 2216250.12218 
179.0 2184171.43697 
180.0 2160647.62711 
181.0 2132023.69776 
182.0 2121135.89628 
183.0 2101834.82272 
184.0 2072614.15238 
185.0 2058780.40425 
186.0 2038006.07239 
187.0 2017192.59324 
188.0 1993982.65706 
189.0 1982839.53089 
190.0 1955051.23755 
191.0 1939013.90101 
192.0 1912223.04908 
193.0 1903402.03261 
194.0 1877646.73567 
195.0 1866644.118 
196.0 1847049.27246 
197.0 1830331.24682 
198.0 1815643.0125 
199.0 1793038.23551 
200.0 1778990.78396 
201.0 1762457.83816 
202.0 1744202.40397 
203.0 1733035.91262 
204.0 1712936.70529 
205.0 1705441.80113 
206.0 1682688.37545 
207.0 1676299.94329 
208.0 1660307.89581 
209.0 1641314.49269 
210.0 1625793.65292 
211.0 1612481.23148 
212.0 1601752.8721 
213.0 1588084.70457 
214.0 1571447.03284 
215.0 1562723.91563 
216.0 1547514.09465 
217.0 1531651.87627 
218.0 1521111.19473 
219.0 1509844.53154 
220.0 1499212.16411 
221.0 1486861.59035 
222.0 1471107.15342 
223.0 1462384.78713 
224.0 1447233.60962 
225.0 1439759.63057 
226.0 1425739.76759 
227.0 1418517.9299 
228.0 1406314.75554 
229.0 1397513.50689 
230.0 1384222.0049 
231.0 1379031.77643 
232.0 1362879.46271 
233.0 1354957.18679 
234.0 1339148.86002 
235.0 1334818.97225 
236.0 1324766.2604 
237.0 1313564.65874 
238.0 1305736.13365 
239.0 1296211.42536 
240.0 1284603.56372 
241.0 1277937.08659 
242.0 1267663.03973 
243.0 1258427.66103 
244.0 1250785.77153 
245.0 1240692.15138 
246.0 1234712.72511 
247.0 1226052.69855 
248.0 1214386.0889 
249.0 1208929.80556 
250.0 1199804.11175 
251.0 1192950.48358 
252.0 1184574.78889 
253.0 1177669.57415 
254.0 1170067.65369 
255.0 1159903.11595 
256.0 1153766.04217 
257.0 1146787.04903 
258.0 1136349.22773 
259.0 1132519.12314 
260.0 1126098.04498 
261.0 1115672.06796 
262.0 1110413.86614 
263.0 1105413.02791 
264.0 1094234.44284 
265.0 1088321.64438 
266.0 1082825.00823 
267.0 1076794.46107 
268.0 1070909.06903 
269.0 1062643.47882 
270.0 1057284.40332 
271.0 1051676.96514 
272.0 1044163.86456 
273.0 1039163.17461 
274.0 1031640.01877 
275.0 1029942.9764 
276.0 1023246.89022 
277.0 1015307.10222 
278.0 1011235.03651 
279.0 1003262.27684 
280.0 998504.287885 
281.0 992042.099376 
282.0 987850.341189 
283.0 981887.755059 
284.0 976815.740572 
285.0 973084.047533 
286.0 965727.564158 
287.0 963318.945535 
288.0 956263.199529 
289.0 953389.057288 
290.0 947635.390407 
291.0 943557.108452 
292.0 937702.006373 
293.0 934729.10992 
294.0 928913.828962 
295.0 926077.282357 
296.0 917997.456234 
297.0 916718.818114 
298.0 908850.419095 
299.0 905254.330512 
300.0 901014.809453 
301.0 898553.748816 
302.0 893843.140097 
303.0 888835.849687 
304.0 884763.862161 
305.0 881946.096369 
306.0 876341.117904 
307.0 873974.620662 
308.0 868248.570658 
309.0 867038.175248 
310.0 860568.961866 
311.0 857802.084515 
312.0 853215.905447 
313.0 851424.512657 
314.0 846732.90418 
315.0 842261.870769 
316.0 841041.476561 
317.0 835701.846002 
318.0 834189.938911 
319.0 828723.093708 
320.0 824817.988966 
321.0 822846.134774 
322.0 817910.921338 
323.0 813879.528702 
324.0 811296.997799 
325.0 809528.564041 
326.0 805451.632006 
327.0 802779.201479 
328.0 799847.037291 
329.0 797657.728155 
330.0 792873.397705 
331.0 790390.195 
332.0 787505.286272 
333.0 785223.098138 
334.0 780243.018513 
335.0 778889.207979 
336.0 775126.55025 
337.0 773962.489131 
338.0 769838.458632 
339.0 767967.578141 
340.0 765447.539018 
341.0 763601.366514 
342.0 759671.415338 
343.0 758728.703979 
344.0 754124.902942 
345.0 753744.758834 
346.0 750197.704364 
347.0 749902.712543 
348.0 745948.100968 
349.0 744062.682298 
350.0 739989.286256 
351.0 740378.755194 
352.0 736891.450473 
353.0 734884.617514 
354.0 731624.164211 
355.0 731056.59674 
356.0 728096.2388 
357.0 726554.97824 
358.0 724157.630474 
359.0 722976.785118 
360.0 720646.283201 
361.0 717322.380508 
362.0 717607.24045 
363.0 714315.847861 
364.0 712797.72977 
365.0 711830.401544 
366.0 708286.123171 
367.0 708497.229851 
368.0 704592.973028 
369.0 704113.622006 
370.0 700708.880738 
371.0 701244.569128 
372.0 699710.317047 
373.0 697769.263906 
374.0 696253.326413 
375.0 694743.169518 
376.0 693577.158713 
377.0 692148.772462 
378.0 689262.957454 
379.0 689024.903895 
380.0 687241.392289 
381.0 685710.252915 
382.0 684232.605271 
383.0 682011.15227 
384.0 681120.878204 
385.0 679888.030371 
386.0 677171.153931 
387.0 676746.600147 
388.0 674986.218212 
389.0 675218.469775 
390.0 672643.798606 
391.0 672191.858412 
392.0 669767.010944 
393.0 669359.530767 
394.0 667906.490126 
395.0 667422.35795 
396.0 665280.936903 
397.0 664995.379796 
398.0 664304.662879 
399.0 662862.699665 
400.0 661429.069883 
401.0 661013.102889 
402.0 659066.358023 
403.0 659103.249905 
404.0 657756.224173 
405.0 657011.308989 
406.0 655889.320976 
407.0 655371.499433 
408.0 654978.583888 
409.0 653699.198424 
410.0 652921.08745 
411.0 652199.897303 
412.0 650714.167605 
413.0 650123.36399 
414.0 649890.265131 
415.0 649030.828928 
416.0 646655.002116 
417.0 647382.190265 
418.0 646599.998339 
419.0 646024.583604 
420.0 645995.405251 
421.0 645075.772785 
422.0 643924.602353 
423.0 643185.228968 
424.0 643392.807635 
425.0 642787.747103 
426.0 641113.469525 
427.0 641025.759816 
428.0 640264.641557 
429.0 640775.554361 
430.0 640398.107353 
431.0 639680.541253 
432.0 639186.708225 
433.0 638608.138306 
434.0 637584.8206 
435.0 636963.531601 
436.0 638305.642422 
437.0 636667.269417 
438.0 636612.619402 
439.0 636873.666386 
440.0 635769.340575 
441.0 635722.112501 
442.0 635335.198521 
443.0 635970.889093 
444.0 634748.419895 
445.0 634572.138725 
446.0 634404.131492 
447.0 634281.786523 
448.0 633973.944567 
449.0 634566.355683 
450.0 632618.072302 
451.0 634416.947322 
452.0 633298.58145 
453.0 633606.62205 
454.0 633170.902537 
455.0 633462.125907 
456.0 633323.766509 
457.0 633682.902911 
458.0 633894.488832 
459.0 633649.993258 
460.0 632798.048201 
461.0 633807.215243 
462.0 633641.579459 
463.0 634225.078338 
464.0 633526.231501 
465.0 633882.20383 
466.0 633321.91597 
467.0 634310.995005 
468.0 634334.273778 
469.0 634743.266607 
470.0 635025.485381 
471.0 635078.164476 
472.0 635380.899609 
473.0 636116.080268 
474.0 636450.638228 
475.0 636445.295809 
476.0 636247.348187 
477.0 636972.420157 
478.0 638079.244214 
479.0 637878.939632 
480.0 638180.210401 
481.0 638635.161841 
482.0 638122.783075 
483.0 639642.728292 
484.0 638934.319901 
485.0 640420.863622 
486.0 641212.707423 
487.0 641539.025056 
488.0 641526.019362 
489.0 642384.607256 
490.0 642857.152309 
491.0 644080.712976 
492.0 644012.148417 
493.0 644616.173792 
494.0 644927.259499 
495.0 646120.412765 
496.0 646834.548541 
497.0 647542.760175 
498.0 647280.845555 
499.0 648681.908465 
500.0 649733.729012 
501.0 553389.226598 
502.0 456311.778849 
503.0 455623.638598 
504.0 455003.709499 
505.0 455563.27055 
506.0 455487.607204 
507.0 455443.056132 
508.0 455612.741484 
509.0 455637.040776 
510.0 456604.584279 
511.0 456417.687655 
512.0 456305.340592 
513.0 456399.932981 
514.0 457089.339812 
515.0 457909.516673 
516.0 458416.425373 
517.0 458454.235466 
518.0 458154.032725 
519.0 458315.046594 
520.0 458954.571014 
521.0 459253.733165 
522.0 459376.999243 
523.0 459928.700362 
524.0 460181.293171 
525.0 460513.141598 
526.0 460510.726391 
527.0 461918.926044 
528.0 462013.243262 
529.0 463092.775987 
530.0 463307.78005 
531.0 463553.109674 
532.0 463888.400308 
533.0 464870.481682 
534.0 465281.486662 
535.0 465651.954476 
536.0 466042.204529 
537.0 466023.024895 
538.0 466530.724761 
539.0 467017.231221 
540.0 467581.31767 
541.0 468036.972672 
542.0 468330.42691 
543.0 468179.639548 
544.0 468949.716751 
545.0 469531.297107 
546.0 469749.898885 
547.0 470443.302417 
548.0 471646.94694 
549.0 472459.831289 
550.0 472551.569392 
551.0 473233.20814 
552.0 474140.230709 
553.0 473976.561058 
554.0 474815.604166 
555.0 475647.417278 
556.0 476291.567687 
557.0 476899.240794 
558.0 476703.223222 
559.0 476999.846979 
560.0 478710.104649 
561.0 478946.916991 
562.0 480037.042762 
563.0 480703.271972 
564.0 481054.001155 
565.0 482189.431441 
566.0 482552.790609 
567.0 483447.451762 
568.0 484433.894726 
569.0 484953.454771 
570.0 485675.588654 
571.0 486241.543603 
572.0 487238.026589 
573.0 487391.458619 
574.0 488675.957181 
575.0 489306.106899 
576.0 489812.20493 
577.0 490745.036806 
578.0 490944.028176 
579.0 492094.680413 
580.0 492323.034002 
581.0 493122.057537 
582.0 494452.674129 
583.0 495211.763642 
584.0 495681.932511 
585.0 496273.334786 
586.0 496980.816096 
587.0 498016.529604 
588.0 498724.121378 
589.0 499780.482688 
590.0 500809.762816 
591.0 500720.882043 
592.0 501344.573561 
593.0 502571.748687 
594.0 502512.112186 
595.0 504248.602917 
596.0 504994.90531 
597.0 505724.890444 
598.0 506552.595132 
599.0 507630.923109 
600.0 508205.925031 
601.0 509298.927087 
602.0 510943.024268 
603.0 511283.460557 
604.0 512453.862112 
605.0 512198.850665 
606.0 513849.926267 
607.0 514671.617759 
608.0 515495.968061 
609.0 516881.175379 
610.0 518167.118054 
611.0 518743.460633 
612.0 519502.415404 
613.0 520393.43255 
614.0 522163.719364 
615.0 522749.890793 
616.0 523666.752627 
617.0 524727.630322 
618.0 526097.48617 
619.0 526399.499203 
620.0 527062.147468 
621.0 528727.842521 
622.0 529043.717494 
623.0 530188.928547 
624.0 530816.637619 
625.0 532116.272875 
626.0 532546.683654 
627.0 533583.387086 
628.0 534778.550946 
629.0 535665.844914 
630.0 536966.277657 
631.0 537479.180884 
632.0 537983.034013 
633.0 538506.816222 
634.0 539646.66877 
635.0 540417.061257 
636.0 541571.589622 
637.0 542893.424425 
638.0 543491.302941 
639.0 545017.738591 
640.0 545875.652382 
641.0 545887.015643 
642.0 547406.00977 
643.0 547597.096564 
644.0 548832.171659 
645.0 550434.750734 
646.0 551261.899174 
647.0 552189.175428 
648.0 553121.301389 
649.0 554589.171913 
650.0 554041.870931 
651.0 555305.197193 
652.0 555540.784716 
653.0 557563.537332 
654.0 558166.64629 
655.0 559817.727348 
656.0 560624.638947 
657.0 561953.448977 
658.0 562376.875209 
659.0 564299.993959 
660.0 564696.220894 
661.0 566151.968976 
662.0 567221.107095 
663.0 567430.755441 
664.0 568996.397413 
665.0 569276.567477 
666.0 570743.772539 
667.0 571099.331262 
668.0 571808.350563 
669.0 572977.987989 
670.0 573414.212423 
671.0 574946.035968 
672.0 575865.637959 
673.0 576268.355887 
674.0 577355.040276 
675.0 578931.874945 
676.0 580158.705949 
677.0 580006.896716 
678.0 580042.472847 
679.0 580997.459838 
680.0 581840.248019 
681.0 582449.49277 
682.0 582715.520859 
683.0 582903.005373 
684.0 584545.98506 
685.0 586107.555342 
686.0 586596.310981 
687.0 587385.234263 
688.0 587226.638751 
689.0 588318.377465 
690.0 588141.850465 
691.0 589502.907275 
692.0 590450.066243 
693.0 590624.216137 
694.0 589711.185741 
695.0 591636.086956 
696.0 593766.129989 
697.0 593401.178487 
698.0 594033.461012 
699.0 595777.760413 
700.0 597117.588841 
701.0 598205.240359 
702.0 598841.67402 
703.0 600673.14835 
704.0 601024.669432 
705.0 602539.655951 
706.0 601153.101143 
707.0 602177.781154 
708.0 604130.056455 
709.0 603536.327215 
710.0 603592.801161 
711.0 602858.182181 
712.0 604691.735317 
713.0 605331.916725 
714.0 604727.650059 
715.0 605406.73564 
716.0 605677.013719 
717.0 605516.302666 
718.0 606423.108979 
719.0 606745.749595 
720.0 608181.601826 
721.0 609086.493163 
722.0 608610.458725 
723.0 606480.684752 
724.0 610521.208933 
725.0 611169.421899 
726.0 612716.774363 
727.0 615931.458787 
728.0 614275.603996 
729.0 613547.919274 
730.0 615915.482498 
731.0 617138.931991 
732.0 616437.457732 
733.0 618331.912893 
734.0 618791.036697 
735.0 620048.099012 
736.0 621288.782912 
737.0 623184.530554 
738.0 623016.279601 
739.0 625812.145554 
740.0 627659.29803 
741.0 628863.418969 
742.0 631060.073198 
743.0 631910.04767 
744.0 634498.16592 
745.0 633677.446838 
746.0 634761.467503 
747.0 635846.790164 
748.0 635967.229825 
749.0 637375.738507 
750.0 636936.240212 
751.0 637217.935772 
752.0 640374.648434 
753.0 641990.199252 
754.0 644379.87081 
755.0 644098.259144 
756.0 643699.754834 
757.0 646613.659084 
758.0 644621.706542 
759.0 647828.973075 
760.0 647998.268026 
761.0 648743.782072 
762.0 647445.405939 
763.0 648477.885304 
764.0 649185.618822 
765.0 653039.873163 
766.0 655529.350073 
767.0 654811.879178 
768.0 655490.847404 
769.0 656431.465426 
770.0 660584.704391 
771.0 660658.852874 
772.0 661373.871859 
773.0 659780.073456 
774.0 663505.154977 
775.0 665379.381577 
776.0 667531.583 
777.0 668228.307642 
778.0 668361.171066 
779.0 667795.380618 
780.0 671049.444131 
781.0 672679.042187 
782.0 673382.782245 
783.0 676127.431622 
784.0 675473.168907 
785.0 677068.354823 
786.0 678858.990742 
787.0 682881.416135 
788.0 683476.453276 
789.0 683776.918766 
790.0 686544.184961 
791.0 686032.890905 
792.0 687945.213038 
793.0 689246.679977 
794.0 693401.792264 
795.0 694960.322601 
796.0 700323.206885 
797.0 698330.474273 
798.0 703504.231216 
799.0 704245.580786 
800.0 707179.943731 
801.0 706991.68843 
802.0 711835.776754 
803.0 712155.131772 
804.0 713700.780716 
805.0 711104.931229 
806.0 712894.53578 
807.0 718204.476267 
808.0 720115.721103 
809.0 724576.884688 
810.0 724040.476518 
811.0 725474.327019 
812.0 731443.566561 
813.0 739154.66507 
814.0 740673.936451 
815.0 744941.710261 
816.0 749960.509668 
817.0 751764.3396 
818.0 748623.981854 
819.0 750075.295712 
820.0 761061.280428 
821.0 757653.782301 
822.0 763681.120943 
823.0 764281.956081 
824.0 757886.300996 
825.0 762655.217249 
826.0 757930.730985 
827.0 759408.19049 
828.0 771976.54252 
829.0 769677.422058 
830.0 775455.89919 
831.0 778832.369295 
832.0 783538.292297 
833.0 768141.852641 
834.0 781864.652803 
835.0 784201.245145 
836.0 779259.941383 
837.0 777726.459132 
838.0 784886.138408 
839.0 772150.924878 
840.0 775348.188516 
841.0 769461.077503 
842.0 766693.677064 
843.0 767309.635009 
844.0 786537.119412 
845.0 785257.084982 
846.0 793478.559745 
847.0 761357.070436 
848.0 782521.809688 
849.0 794147.416174 
850.0 785724.298536 
851.0 784443.671015 
852.0 770330.853606 
853.0 785453.210677 
854.0 774468.974702 
855.0 768338.497832 
856.0 747104.473085 
857.0 721470.086554 
858.0 713136.838096 
859.0 681149.404914 
860.0 675730.112612 
861.0 691525.010138 
862.0 677668.958339 
863.0 621979.730505 
864.0 734455.322061 
865.0 807227.715753 
866.0 585354.483325 
