2.0 22182163586.6 
3.0 13355702774.7 
4.0 7187919625.83 
5.0 4317023538.65 
6.0 2509436529.25 
7.0 1556517225.22 
8.0 1042365639.64 
9.0 711789643.025 
10.0 498368495.361 
11.0 366866912.24 
12.0 290484771.273 
13.0 236952046.071 
14.0 209617203.611 
15.0 194446149.067 
16.0 175151508.33 
17.0 163747192.274 
18.0 152044731.619 
19.0 142419576.837 
20.0 133075737.188 
21.0 126345259.886 
22.0 120366437.765 
23.0 114622479.319 
24.0 106868979.919 
25.0 102065224.447 
26.0 93765763.1286 
27.0 89185001.3604 
28.0 84056163.2445 
29.0 80915269.2709 
30.0 73366139.1102 
31.0 70397785.5974 
32.0 65190909.1873 
33.0 61086873.6172 
34.0 56923368.9891 
35.0 54079141.3712 
36.0 50481231.3625 
37.0 48578735.9778 
38.0 46417680.5735 
39.0 43434599.6804 
40.0 41451307.1863 
41.0 39883023.5485 
42.0 37685573.1857 
43.0 36138734.3147 
44.0 34367364.975 
45.0 32989033.6799 
46.0 32000771.5986 
47.0 30519665.4859 
48.0 29247201.2733 
49.0 28132738.9875 
50.0 27032438.1698 
51.0 26151849.4068 
52.0 24787264.1799 
53.0 24169576.9098 
54.0 23098592.2135 
55.0 22593622.8905 
56.0 21523506.894 
57.0 20903732.3189 
58.0 20381926.6445 
59.0 19494274.0833 
60.0 18962735.2815 
61.0 18319828.2799 
62.0 17836222.9566 
63.0 17116088.0347 
64.0 16428128.1395 
65.0 16112391.1524 
66.0 15466164.1446 
67.0 15284308.084 
68.0 14701448.3935 
69.0 14233136.3617 
70.0 13852185.3517 
71.0 13538903.3968 
72.0 13089759.3067 
73.0 12850018.1063 
74.0 12348361.6995 
75.0 12143325.3318 
76.0 11710967.365 
77.0 11480355.0462 
78.0 11206445.2871 
79.0 10825307.3114 
80.0 10614743.2574 
81.0 10420681.2442 
82.0 10123378.494 
83.0 9883780.31776 
84.0 9699659.63038 
85.0 9465519.08803 
86.0 9167136.09799 
87.0 8996027.96306 
88.0 8799859.80268 
89.0 8642925.74822 
90.0 8358762.69396 
91.0 8235551.9335 
92.0 8056078.67321 
93.0 7859534.70558 
94.0 7702949.2224 
95.0 7562557.30586 
96.0 7441629.91035 
97.0 7291686.35844 
98.0 7114714.57262 
99.0 6986334.85961 
100.0 6872274.50343 
101.0 6700990.33545 
102.0 6575905.22595 
103.0 6498811.50186 
104.0 6346336.62792 
105.0 6225958.49926 
106.0 6109802.12944 
107.0 6026809.60095 
108.0 5885949.155 
109.0 5821801.70677 
110.0 5662979.33416 
111.0 5586836.55792 
112.0 5463720.39445 
113.0 5371667.82344 
114.0 5282662.14813 
115.0 5178816.24896 
116.0 5101646.40814 
117.0 5013646.90385 
118.0 4917402.46115 
119.0 4849272.86195 
120.0 4765067.59316 
121.0 4707904.98284 
122.0 4611878.19112 
123.0 4537824.25113 
124.0 4483373.44069 
125.0 4398485.39599 
126.0 4333941.73942 
127.0 4284651.32553 
128.0 4202902.11911 
129.0 4159187.17836 
130.0 4073503.82093 
131.0 4033675.62704 
132.0 3983245.81472 
133.0 3921232.94332 
134.0 3866405.3045 
135.0 3808679.72435 
136.0 3755814.43751 
137.0 3683250.05085 
138.0 3637655.0384 
139.0 3583032.41496 
140.0 3553302.24146 
141.0 3490243.21584 
142.0 3446065.19458 
143.0 3403245.92252 
144.0 3351402.75162 
145.0 3309723.64308 
146.0 3261810.31267 
147.0 3231993.41576 
148.0 3182336.98614 
149.0 3139168.59859 
150.0 3096378.81402 
151.0 3065677.03885 
152.0 3024118.6952 
153.0 2984628.12844 
154.0 2935109.45525 
155.0 2905947.53019 
156.0 2873808.16819 
157.0 2827171.51905 
158.0 2803945.12972 
159.0 2772926.66489 
160.0 2738164.05885 
161.0 2705650.44809 
162.0 2657756.5465 
163.0 2635704.44017 
164.0 2605378.64622 
165.0 2576643.59535 
166.0 2550422.88276 
167.0 2519963.81585 
168.0 2495890.65808 
169.0 2461476.75124 
170.0 2440158.4043 
171.0 2412081.72009 
172.0 2381532.12367 
173.0 2357868.29074 
174.0 2330184.87184 
175.0 2312161.23135 
176.0 2279781.4396 
177.0 2263193.50251 
178.0 2236269.67716 
179.0 2209384.66518 
180.0 2195376.77724 
181.0 2171002.04876 
182.0 2147819.11687 
183.0 2124507.09172 
184.0 2099306.16146 
185.0 2082844.24083 
186.0 2060420.21325 
187.0 2043047.16426 
188.0 2018355.12032 
189.0 2002498.30359 
190.0 1979475.07595 
191.0 1960375.55351 
192.0 1941942.33655 
193.0 1923293.22168 
194.0 1903031.38009 
195.0 1886739.59988 
196.0 1867608.60677 
197.0 1851351.38785 
198.0 1837923.79439 
199.0 1813056.34251 
200.0 1802409.38441 
201.0 1786176.68084 
202.0 1770402.42544 
203.0 1752967.07087 
204.0 1737954.51694 
205.0 1720691.39663 
206.0 1703278.27258 
207.0 1693228.39665 
208.0 1679584.43226 
209.0 1663106.10353 
210.0 1647604.86036 
211.0 1635481.91525 
212.0 1621248.43116 
213.0 1607807.16615 
214.0 1588399.33362 
215.0 1579969.98278 
216.0 1562487.06514 
217.0 1553007.35532 
218.0 1539689.90323 
219.0 1524656.98179 
220.0 1519079.30464 
221.0 1499856.14369 
222.0 1490314.8929 
223.0 1483720.93367 
224.0 1467143.3122 
225.0 1457289.77162 
226.0 1444877.97428 
227.0 1436212.90156 
228.0 1419710.97353 
229.0 1412666.8419 
230.0 1400231.30738 
231.0 1390316.0168 
232.0 1380520.57466 
233.0 1369055.90439 
234.0 1357803.42298 
235.0 1349684.62059 
236.0 1339576.01777 
237.0 1330673.37436 
238.0 1321350.11786 
239.0 1312425.14787 
240.0 1301210.87038 
241.0 1294138.55218 
242.0 1280853.24855 
243.0 1274389.90136 
244.0 1261503.1992 
245.0 1255150.43414 
246.0 1247386.63377 
247.0 1240501.52767 
248.0 1231072.74738 
249.0 1226147.99345 
250.0 1214939.27642 
251.0 1207622.13474 
252.0 1194694.10883 
253.0 1190271.02691 
254.0 1183489.94213 
255.0 1174411.98712 
256.0 1167340.97066 
257.0 1160350.60917 
258.0 1150727.40716 
259.0 1146127.08609 
260.0 1138301.66258 
261.0 1132203.07158 
262.0 1125939.113 
263.0 1119021.42373 
264.0 1109021.90871 
265.0 1103888.73296 
266.0 1095773.29309 
267.0 1091871.28857 
268.0 1082779.583 
269.0 1076348.03916 
270.0 1070602.59218 
271.0 1066621.46037 
272.0 1058691.58468 
273.0 1053140.36954 
274.0 1044481.89148 
275.0 1039729.66125 
276.0 1035684.50071 
277.0 1027676.44735 
278.0 1023774.91924 
279.0 1015926.14714 
280.0 1009056.45903 
281.0 1004559.40999 
282.0 999387.830506 
283.0 994902.683357 
284.0 987752.828577 
285.0 985983.838218 
286.0 977892.295827 
287.0 976288.252549 
288.0 967834.633312 
289.0 964455.847339 
290.0 957824.280811 
291.0 953904.636981 
292.0 948922.479289 
293.0 943749.056125 
294.0 938521.058872 
295.0 935485.098223 
296.0 930410.59065 
297.0 926319.269563 
298.0 921016.758747 
299.0 916780.385267 
300.0 912783.364711 
301.0 908888.263484 
302.0 903975.438261 
303.0 898834.643624 
304.0 895179.712478 
305.0 891771.877816 
306.0 885414.719727 
307.0 883426.071433 
308.0 878368.014734 
309.0 874768.679968 
310.0 870618.138018 
311.0 867847.599165 
312.0 864044.86114 
313.0 859424.781659 
314.0 855586.447854 
315.0 851758.830464 
316.0 848509.705889 
317.0 844530.404405 
318.0 841641.513081 
319.0 838034.574834 
320.0 834645.425657 
321.0 831274.195754 
322.0 828458.14822 
323.0 824034.561481 
324.0 821768.346952 
325.0 819129.906835 
326.0 814618.752966 
327.0 812258.733194 
328.0 808664.542338 
329.0 805777.711152 
330.0 802345.277254 
331.0 799974.031769 
332.0 798045.073116 
333.0 794119.426115 
334.0 790497.662536 
335.0 789309.399126 
336.0 785447.623423 
337.0 783508.818115 
338.0 780283.171377 
339.0 776854.96952 
340.0 774429.9441 
341.0 771865.806166 
342.0 769517.882146 
343.0 768256.462989 
344.0 762640.049362 
345.0 764032.200485 
346.0 758507.305633 
347.0 757474.637878 
348.0 754704.203064 
349.0 751675.565783 
350.0 750578.156725 
351.0 747610.538893 
352.0 745248.121959 
353.0 743282.602454 
354.0 739852.829178 
355.0 739274.391851 
356.0 736113.351411 
357.0 734487.534937 
358.0 732132.308055 
359.0 730689.399702 
360.0 728440.841254 
361.0 725925.054185 
362.0 724704.666608 
363.0 722488.719685 
364.0 721571.526578 
365.0 718601.027468 
366.0 716989.38936 
367.0 716646.073259 
368.0 712305.720038 
369.0 712360.887807 
370.0 708620.062342 
371.0 708934.123703 
372.0 706074.31438 
373.0 704237.767004 
374.0 703359.099764 
375.0 702006.874044 
376.0 700018.953225 
377.0 699136.54788 
378.0 695766.600842 
379.0 696245.247469 
380.0 693525.370725 
381.0 692739.588005 
382.0 690964.567223 
383.0 688839.489428 
384.0 687234.820071 
385.0 686917.429999 
386.0 684633.276477 
387.0 683605.49979 
388.0 681593.15287 
389.0 681401.370658 
390.0 679275.845185 
391.0 678895.741954 
392.0 677231.100909 
393.0 675771.240416 
394.0 675685.308616 
395.0 674187.391744 
396.0 672680.588762 
397.0 671569.494495 
398.0 671445.620743 
399.0 669738.770136 
400.0 668868.077014 
401.0 667273.227759 
402.0 666534.206164 
403.0 666373.404395 
404.0 665534.275702 
405.0 664549.289379 
406.0 663104.120881 
407.0 662588.112419 
408.0 660874.028346 
409.0 659492.922919 
410.0 659960.343155 
411.0 658917.351937 
412.0 657714.280554 
413.0 657193.765911 
414.0 656663.165723 
415.0 656545.316034 
416.0 654151.436954 
417.0 655712.710416 
418.0 654800.821409 
419.0 653744.998607 
420.0 653063.29489 
421.0 651904.493986 
422.0 651161.893695 
423.0 649998.428063 
424.0 649636.128276 
425.0 649947.105959 
426.0 649351.179981 
427.0 648843.387252 
428.0 647897.533636 
429.0 649156.125182 
430.0 648311.639173 
431.0 647270.019684 
432.0 647215.227398 
433.0 645859.336278 
434.0 645527.533671 
435.0 645616.037802 
436.0 645854.851749 
437.0 645027.712821 
438.0 644706.960274 
439.0 644712.971513 
440.0 644501.493108 
441.0 644935.078586 
442.0 644357.153695 
443.0 643896.91959 
444.0 643896.998179 
445.0 643373.425225 
446.0 642807.866878 
447.0 643448.672685 
448.0 642499.696744 
449.0 644147.719717 
450.0 642188.964494 
451.0 642696.600921 
452.0 642736.459836 
453.0 642272.250911 
454.0 642285.653677 
455.0 641849.429983 
456.0 642055.040124 
457.0 641798.629212 
458.0 641306.182085 
459.0 642205.829526 
460.0 641732.676484 
461.0 641924.810097 
462.0 641710.557467 
463.0 641943.339126 
464.0 642083.736801 
465.0 642515.689365 
466.0 642028.797746 
467.0 642773.552838 
468.0 644272.181062 
469.0 642955.951089 
470.0 643336.33291 
471.0 644466.438122 
472.0 643819.04739 
473.0 644772.972886 
474.0 644200.4159 
475.0 644796.388468 
476.0 644829.49214 
477.0 645957.753514 
478.0 645858.915053 
479.0 646172.493707 
480.0 646228.844884 
481.0 646998.993199 
482.0 647014.003675 
483.0 647003.5895 
484.0 647704.994427 
485.0 648254.278856 
486.0 648533.571187 
487.0 649964.043396 
488.0 649201.815204 
489.0 650707.364744 
490.0 650429.233962 
491.0 651895.545682 
492.0 651609.757449 
493.0 652555.211155 
494.0 652666.558439 
495.0 654762.795119 
496.0 654805.813382 
497.0 655449.3441 
498.0 656202.562863 
499.0 657237.273592 
500.0 657521.763476 
501.0 558983.374155 
502.0 459690.093575 
503.0 459686.833491 
504.0 459763.650184 
505.0 460060.864506 
506.0 460111.008299 
507.0 459612.954562 
508.0 459638.688287 
509.0 459845.440323 
510.0 459634.867496 
511.0 460087.741474 
512.0 460707.246735 
513.0 460721.090093 
514.0 461071.511163 
515.0 460890.822773 
516.0 461115.622432 
517.0 461946.813827 
518.0 462384.16475 
519.0 462452.04518 
520.0 462227.864805 
521.0 463122.82521 
522.0 462844.266502 
523.0 463569.465361 
524.0 463802.14667 
525.0 464645.851147 
526.0 465135.929287 
527.0 465215.850938 
528.0 465872.710316 
529.0 466532.546969 
530.0 466890.40784 
531.0 467437.957049 
532.0 468275.437998 
533.0 468649.614776 
534.0 469459.852755 
535.0 469820.559698 
536.0 469831.560559 
537.0 470469.988914 
538.0 470927.546092 
539.0 471229.542283 
540.0 472281.784272 
541.0 472540.778666 
542.0 472941.289152 
543.0 473510.360391 
544.0 473879.774064 
545.0 474957.73128 
546.0 475212.867572 
547.0 476180.434031 
548.0 476354.425835 
549.0 476945.053678 
550.0 477267.873273 
551.0 477317.318601 
552.0 478574.424861 
553.0 479619.493643 
554.0 479935.43278 
555.0 480603.137953 
556.0 480244.267388 
557.0 480813.524437 
558.0 481433.038377 
559.0 481862.575023 
560.0 482080.42974 
561.0 483236.987138 
562.0 483992.793943 
563.0 483976.50474 
564.0 484113.16974 
565.0 484304.021571 
566.0 485101.009122 
567.0 485606.288525 
568.0 486804.83397 
569.0 487434.386789 
570.0 488136.779882 
571.0 488489.387945 
572.0 488546.233628 
573.0 489462.155993 
574.0 490200.709888 
575.0 490680.270466 
576.0 491088.225159 
577.0 491233.486845 
578.0 492177.799808 
579.0 492254.536931 
580.0 493377.059655 
581.0 494146.68606 
582.0 495185.711388 
583.0 494957.096696 
584.0 495593.831792 
585.0 496047.673332 
586.0 497052.385352 
587.0 497812.860965 
588.0 498195.180252 
589.0 498921.002062 
590.0 500707.878955 
591.0 500642.841182 
592.0 501406.111023 
593.0 502236.278827 
594.0 503176.895346 
595.0 503693.733065 
596.0 504702.070946 
597.0 505384.948854 
598.0 505789.441067 
599.0 507136.979805 
600.0 508366.722616 
601.0 507697.134034 
602.0 508720.772085 
603.0 508764.195501 
604.0 510333.724635 
605.0 511009.557522 
606.0 510838.707083 
607.0 512288.373345 
608.0 512561.559805 
609.0 513452.990015 
610.0 514392.716284 
611.0 515605.687811 
612.0 516292.465645 
613.0 516666.654717 
614.0 517984.135693 
615.0 518923.912374 
616.0 519498.436912 
617.0 521012.495779 
618.0 521110.32334 
619.0 522936.170592 
620.0 523472.161011 
621.0 523874.341352 
622.0 524488.340005 
623.0 526225.753048 
624.0 527848.307576 
625.0 528635.176216 
626.0 529943.074744 
627.0 530571.147333 
628.0 532575.100175 
629.0 534020.055656 
630.0 533727.868609 
631.0 534218.978305 
632.0 536099.753505 
633.0 536558.464309 
634.0 537947.838208 
635.0 538889.326821 
636.0 539744.600435 
637.0 540463.33339 
638.0 541626.406576 
639.0 543262.380193 
640.0 544909.822411 
641.0 545427.646089 
642.0 546181.422698 
643.0 546328.226967 
644.0 547853.733347 
645.0 549035.278268 
646.0 549762.147136 
647.0 550697.771506 
648.0 551997.21169 
649.0 553561.665424 
650.0 555507.162088 
651.0 556202.623968 
652.0 556708.697073 
653.0 557939.218021 
654.0 558552.654188 
655.0 560245.825267 
656.0 561547.951147 
657.0 562436.307877 
658.0 562991.655809 
659.0 564311.588255 
660.0 566104.497716 
661.0 567231.254147 
662.0 568563.04737 
663.0 569373.527454 
664.0 569159.858773 
665.0 570249.382662 
666.0 571484.516995 
667.0 573514.226534 
668.0 573137.920731 
669.0 574769.291889 
670.0 575336.633086 
671.0 576471.837669 
672.0 577236.969167 
673.0 579705.548736 
674.0 580078.885389 
675.0 581690.440933 
676.0 582542.651174 
677.0 583706.214266 
678.0 582941.625299 
679.0 586864.779085 
680.0 587729.524128 
681.0 588839.506787 
682.0 590288.83324 
683.0 591005.7836 
684.0 592390.233117 
685.0 593322.386515 
686.0 594753.214078 
687.0 595980.46182 
688.0 596734.011695 
689.0 598005.423227 
690.0 599293.099147 
691.0 600674.58301 
692.0 602351.412729 
693.0 603342.269144 
694.0 604725.587325 
695.0 605695.2404 
696.0 606847.926292 
697.0 609754.613821 
698.0 610599.556298 
699.0 611422.310327 
700.0 613466.211951 
701.0 615628.428396 
702.0 615459.572005 
703.0 615468.033386 
704.0 617157.800891 
705.0 619066.749437 
706.0 619403.875888 
707.0 619825.751562 
708.0 618980.038356 
709.0 622522.116155 
710.0 622594.239221 
711.0 623616.051241 
712.0 623784.39004 
713.0 626136.78685 
714.0 627476.019384 
715.0 626911.398809 
716.0 628105.78452 
717.0 628597.203572 
718.0 630686.814878 
719.0 632005.966449 
720.0 633860.042749 
721.0 633576.953776 
722.0 633492.235799 
723.0 634524.495106 
724.0 636313.729038 
725.0 637811.756778 
726.0 637661.263297 
727.0 638438.894725 
728.0 638464.240864 
729.0 639873.618712 
730.0 640959.180214 
731.0 641593.064277 
732.0 641844.58587 
733.0 642773.035302 
734.0 645410.114319 
735.0 645509.081111 
736.0 647828.442257 
737.0 649155.19642 
738.0 650812.384753 
739.0 650781.202254 
740.0 651976.423887 
741.0 654979.460326 
742.0 655756.475104 
743.0 656787.683911 
744.0 657890.924428 
745.0 661338.637332 
746.0 663740.921205 
747.0 665187.16878 
748.0 665834.617183 
749.0 666571.88081 
750.0 666722.358938 
751.0 670030.835335 
752.0 671551.135891 
753.0 673493.632483 
754.0 675031.823401 
755.0 675362.219576 
756.0 674586.541357 
757.0 678427.444818 
758.0 678587.561849 
759.0 680701.869432 
760.0 681578.726085 
761.0 682364.667842 
762.0 682867.264209 
763.0 684649.146432 
764.0 686039.314389 
765.0 689268.537847 
766.0 690931.665451 
767.0 692753.541155 
768.0 689390.142806 
769.0 690469.723263 
770.0 694253.178899 
771.0 696935.88849 
772.0 696487.061638 
773.0 702516.21111 
774.0 700286.254452 
775.0 698829.768509 
776.0 697930.138238 
777.0 700721.290059 
778.0 699099.621234 
779.0 703960.641993 
780.0 703071.180448 
781.0 705590.762489 
782.0 704216.509043 
783.0 709347.789618 
784.0 711843.083998 
785.0 711867.614311 
786.0 713512.557572 
787.0 716158.386089 
788.0 715797.297295 
789.0 720024.926148 
790.0 721743.620384 
791.0 724618.425864 
792.0 727070.345105 
793.0 725549.180699 
794.0 724273.126388 
795.0 729585.509719 
796.0 729678.998283 
797.0 728369.220248 
798.0 728462.900804 
799.0 726119.066276 
800.0 731744.493066 
801.0 728992.761502 
802.0 727027.190659 
803.0 725363.906638 
804.0 728966.182057 
805.0 730248.886755 
806.0 735171.703107 
807.0 734147.658154 
808.0 733732.280029 
809.0 739342.412572 
810.0 743116.732958 
811.0 739062.697204 
812.0 744315.625087 
813.0 744054.958628 
814.0 743535.417794 
815.0 744647.467449 
816.0 743296.154391 
817.0 744101.462486 
818.0 748939.275287 
819.0 751811.547427 
820.0 756477.472235 
821.0 759874.052789 
822.0 756787.695152 
823.0 755765.81875 
824.0 763955.247922 
825.0 768264.245634 
826.0 763192.092422 
827.0 756488.299821 
828.0 757513.491787 
829.0 760382.967624 
830.0 752763.518196 
831.0 755771.777982 
832.0 756694.168657 
833.0 759241.169022 
834.0 762505.399141 
835.0 761631.672947 
836.0 770125.260219 
837.0 756221.601756 
838.0 760873.964764 
839.0 769591.800587 
840.0 757310.445121 
841.0 757417.313835 
842.0 755098.323636 
843.0 754721.299713 
844.0 757558.067974 
845.0 754474.474386 
846.0 751508.134634 
847.0 750530.627914 
848.0 749788.370765 
849.0 762337.784427 
850.0 781007.306058 
851.0 795438.40488 
852.0 785921.442302 
853.0 826576.579764 
854.0 812152.302009 
855.0 759060.709268 
856.0 807454.118092 
857.0 799628.496557 
858.0 803396.363898 
859.0 801689.256517 
860.0 806450.26655 
861.0 816876.403471 
862.0 839373.639116 
863.0 801755.990936 
864.0 777704.1224 
865.0 852101.160422 
866.0 683236.803068 
