2.0 22728043725.1 
3.0 22159970218.9 
4.0 9952233977.73 
5.0 4789730826.06 
6.0 2559272459.36 
7.0 1620990426.82 
8.0 1012760824.65 
9.0 824035496.557 
10.0 630818190.22 
11.0 544794515.959 
12.0 508517145.725 
13.0 466167366.954 
14.0 444155129.785 
15.0 416532014.693 
16.0 372961810.573 
17.0 339458874.425 
18.0 309433448.808 
19.0 276212696.276 
20.0 242778372.974 
21.0 219825561.088 
22.0 203653212.714 
23.0 182165478.845 
24.0 166465548.835 
25.0 153567576.12 
26.0 138755791.52 
27.0 131106171.803 
28.0 122157580.968 
29.0 115341986.768 
30.0 105924348.298 
31.0 101570265.421 
32.0 93869078.7021 
33.0 87564131.4818 
34.0 84154898.7849 
35.0 77345312.3499 
36.0 74000003.5741 
37.0 70275167.7822 
38.0 66806610.1298 
39.0 63602997.9075 
40.0 59637776.7629 
41.0 58005597.9782 
42.0 54323018.4356 
43.0 52173327.4854 
44.0 49769146.2259 
45.0 47896705.7791 
46.0 45506418.3223 
47.0 44011902.7392 
48.0 41862021.7188 
49.0 39932963.9062 
50.0 38411393.7505 
51.0 36935721.8829 
52.0 35261001.4552 
53.0 34550206.3315 
54.0 33125178.0862 
55.0 32049979.4115 
56.0 30857044.845 
57.0 29868021.5192 
58.0 28954269.8688 
59.0 27855063.9142 
60.0 26914219.9262 
61.0 25894795.2892 
62.0 25277677.8971 
63.0 24595080.7575 
64.0 23688069.0694 
65.0 23120557.5651 
66.0 22187589.4621 
67.0 21621699.5627 
68.0 21144000.8673 
69.0 20340747.7706 
70.0 19669177.0842 
71.0 19329438.2532 
72.0 18722140.268 
73.0 18315497.6049 
74.0 17649859.1033 
75.0 17214336.9429 
76.0 16697021.4972 
77.0 16555764.3589 
78.0 16006635.9627 
79.0 15593207.8939 
80.0 15299568.5069 
81.0 14900968.5491 
82.0 14550217.2447 
83.0 14148460.6529 
84.0 13878514.3347 
85.0 13618004.638 
86.0 13232851.2028 
87.0 12920780.3985 
88.0 12634456.8955 
89.0 12458046.7697 
90.0 12002304.6857 
91.0 11792467.7722 
92.0 11598411.2703 
93.0 11352804.8818 
94.0 11075681.948 
95.0 10882801.2202 
96.0 10661778.7533 
97.0 10427421.2253 
98.0 10207436.5303 
99.0 10045299.6263 
100.0 9860285.48886 
101.0 9649055.58856 
102.0 9451412.9063 
103.0 9277272.79484 
104.0 9081448.55014 
105.0 8921631.64032 
106.0 8713141.75026 
107.0 8611310.40066 
108.0 8430030.77729 
109.0 8326249.21117 
110.0 8121602.77374 
111.0 8007789.34427 
112.0 7833613.55237 
113.0 7761442.81035 
114.0 7595239.32455 
115.0 7439593.8293 
116.0 7315724.28623 
117.0 7237486.48133 
118.0 7092567.67244 
119.0 7007790.40716 
120.0 6857444.73933 
121.0 6775757.51658 
122.0 6636849.08561 
123.0 6536940.20761 
124.0 6402865.73602 
125.0 6334909.35965 
126.0 6238920.747 
127.0 6177610.08187 
128.0 6042280.49033 
129.0 5968064.03489 
130.0 5873326.4495 
131.0 5800739.3592 
132.0 5695417.99412 
133.0 5603259.37184 
134.0 5503365.643 
135.0 5473922.79591 
136.0 5378274.68485 
137.0 5300090.47008 
138.0 5228833.91292 
139.0 5149845.51974 
140.0 5078115.70605 
141.0 5024103.04406 
142.0 4957695.15377 
143.0 4878970.81046 
144.0 4805115.21561 
145.0 4760769.7238 
146.0 4683763.62822 
147.0 4640346.4292 
148.0 4566397.0896 
149.0 4508971.37128 
150.0 4442799.3021 
151.0 4407948.38536 
152.0 4341688.74202 
153.0 4280814.75326 
154.0 4214126.90552 
155.0 4180197.65766 
156.0 4119713.19744 
157.0 4090608.45038 
158.0 4027016.09904 
159.0 3974053.79399 
160.0 3934334.71516 
161.0 3892067.29118 
162.0 3828910.21061 
163.0 3804441.19471 
164.0 3752030.16828 
165.0 3698643.06614 
166.0 3660768.75594 
167.0 3621679.94195 
168.0 3581678.12463 
169.0 3569181.04134 
170.0 3499549.01522 
171.0 3461135.36811 
172.0 3421009.95487 
173.0 3390088.85651 
174.0 3357654.76798 
175.0 3309763.77057 
176.0 3279798.77878 
177.0 3244673.25527 
178.0 3217985.31237 
179.0 3178785.76678 
180.0 3150817.6378 
181.0 3114781.20907 
182.0 3084863.53606 
183.0 3042416.97775 
184.0 3017772.63989 
185.0 2994623.599 
186.0 2961198.11495 
187.0 2929178.694 
188.0 2892952.89102 
189.0 2882427.64052 
190.0 2841022.0011 
191.0 2820902.34091 
192.0 2782363.47822 
193.0 2765100.24334 
194.0 2736549.38468 
195.0 2712522.60151 
196.0 2682997.12431 
197.0 2657179.56959 
198.0 2641614.35352 
199.0 2612871.61545 
200.0 2598335.04291 
201.0 2566817.86353 
202.0 2539745.46033 
203.0 2518048.57764 
204.0 2492362.26563 
205.0 2474535.38155 
206.0 2444624.79304 
207.0 2427718.28005 
208.0 2407621.02635 
209.0 2388242.34976 
210.0 2367055.61859 
211.0 2344828.99727 
212.0 2328368.03135 
213.0 2303814.38592 
214.0 2283506.28878 
215.0 2270856.20217 
216.0 2253638.49178 
217.0 2231312.99189 
218.0 2216223.00074 
219.0 2197386.63519 
220.0 2181590.31218 
221.0 2160469.1033 
222.0 2144485.665 
223.0 2130966.33891 
224.0 2111638.0658 
225.0 2097501.82895 
226.0 2077769.92943 
227.0 2062938.51758 
228.0 2041802.64624 
229.0 2031956.56017 
230.0 2015236.41586 
231.0 2000671.12239 
232.0 1978502.43286 
233.0 1968764.63093 
234.0 1957220.19682 
235.0 1945627.14531 
236.0 1925615.62919 
237.0 1910848.72034 
238.0 1898836.83817 
239.0 1886416.42194 
240.0 1872224.16989 
241.0 1861680.4473 
242.0 1847872.48539 
243.0 1835004.02904 
244.0 1818866.76732 
245.0 1808184.35947 
246.0 1797028.70641 
247.0 1783372.67525 
248.0 1769610.89914 
249.0 1760814.0692 
250.0 1747049.35712 
251.0 1737193.36904 
252.0 1722749.99817 
253.0 1712506.93016 
254.0 1701160.74828 
255.0 1689250.78597 
256.0 1677952.83547 
257.0 1670500.25981 
258.0 1658735.14826 
259.0 1650288.41321 
260.0 1640074.19625 
261.0 1628932.39687 
262.0 1617378.22352 
263.0 1608975.53807 
264.0 1596307.79747 
265.0 1588178.59651 
266.0 1577456.04299 
267.0 1573398.11977 
268.0 1558954.11635 
269.0 1550500.88889 
270.0 1542753.47118 
271.0 1535054.83529 
272.0 1519055.56168 
273.0 1513904.4147 
274.0 1504545.60612 
275.0 1496666.89691 
276.0 1488623.39293 
277.0 1479950.42652 
278.0 1472840.4977 
279.0 1466388.32203 
280.0 1455337.3277 
281.0 1448924.9816 
282.0 1440324.35678 
283.0 1435100.49777 
284.0 1426646.47991 
285.0 1421571.3271 
286.0 1407953.06001 
287.0 1404011.7864 
288.0 1393903.95786 
289.0 1389161.63585 
290.0 1380445.23004 
291.0 1374187.51588 
292.0 1365587.40987 
293.0 1359140.89218 
294.0 1350972.79326 
295.0 1346508.55946 
296.0 1338617.36406 
297.0 1333040.23447 
298.0 1326020.46705 
299.0 1320140.86276 
300.0 1313069.74898 
301.0 1310033.70458 
302.0 1304579.54791 
303.0 1294774.68189 
304.0 1290325.20669 
305.0 1284896.89536 
306.0 1279547.3451 
307.0 1275623.74403 
308.0 1265060.16075 
309.0 1262478.56261 
310.0 1254330.01506 
311.0 1250637.04103 
312.0 1241793.80911 
313.0 1239476.8129 
314.0 1233568.34568 
315.0 1228526.66047 
316.0 1225305.53726 
317.0 1218274.36805 
318.0 1214335.148 
319.0 1209332.92202 
320.0 1201813.79832 
321.0 1199123.19 
322.0 1192261.15401 
323.0 1187662.89603 
324.0 1184298.42175 
325.0 1182131.44465 
326.0 1173448.63813 
327.0 1171408.53482 
328.0 1167104.49246 
329.0 1162573.23817 
330.0 1155790.37255 
331.0 1153748.54724 
332.0 1150058.9443 
333.0 1148090.07387 
334.0 1139226.45776 
335.0 1135423.14848 
336.0 1130729.15947 
337.0 1127849.51925 
338.0 1124063.92622 
339.0 1120840.67887 
340.0 1115689.05577 
341.0 1113104.11929 
342.0 1109169.26513 
343.0 1106464.47083 
344.0 1100755.64174 
345.0 1099443.93375 
346.0 1093602.1917 
347.0 1092635.03564 
348.0 1088290.07654 
349.0 1084310.62931 
350.0 1081402.97765 
351.0 1078687.59087 
352.0 1074778.60395 
353.0 1070380.0089 
354.0 1064643.16306 
355.0 1066016.7547 
356.0 1059460.31586 
357.0 1058842.61097 
358.0 1055604.29596 
359.0 1052936.18735 
360.0 1048444.87956 
361.0 1047234.37682 
362.0 1044816.9562 
363.0 1040177.23711 
364.0 1039018.76456 
365.0 1036638.75999 
366.0 1032185.63229 
367.0 1031621.84035 
368.0 1026017.30673 
369.0 1024946.09662 
370.0 1019896.05211 
371.0 1021127.23873 
372.0 1019028.29133 
373.0 1016143.88885 
374.0 1013358.89596 
375.0 1011589.59051 
376.0 1008640.16524 
377.0 1006938.88211 
378.0 1002605.30742 
379.0 1002458.10006 
380.0 999055.553446 
381.0 998611.67158 
382.0 995500.654438 
383.0 993640.396685 
384.0 990551.70761 
385.0 990186.567008 
386.0 986356.019076 
387.0 985322.967667 
388.0 981283.065917 
389.0 981305.572832 
390.0 977689.104122 
391.0 977125.574263 
392.0 975645.385325 
393.0 972131.510282 
394.0 970060.948553 
395.0 970686.263321 
396.0 966915.208135 
397.0 966333.841436 
398.0 965381.307774 
399.0 962511.443825 
400.0 962930.45405 
401.0 960479.804807 
402.0 957645.9428 
403.0 957591.722228 
404.0 955039.035703 
405.0 954953.451828 
406.0 951932.810172 
407.0 952835.358529 
408.0 949960.436369 
409.0 947962.353603 
410.0 949105.372861 
411.0 946217.431425 
412.0 943198.550096 
413.0 943097.609787 
414.0 942017.443446 
415.0 942846.233494 
416.0 939314.949983 
417.0 939663.277436 
418.0 938198.456658 
419.0 936362.736503 
420.0 937758.964787 
421.0 934868.982351 
422.0 934812.146067 
423.0 932974.685099 
424.0 932392.805837 
425.0 931997.48152 
426.0 930712.752748 
427.0 930607.865021 
428.0 929501.665686 
429.0 929741.934068 
430.0 928028.349186 
431.0 928615.859502 
432.0 926813.005679 
433.0 925877.95087 
434.0 924812.124804 
435.0 924772.545188 
436.0 925112.730965 
437.0 924299.395601 
438.0 924143.83524 
439.0 923949.115103 
440.0 923576.473085 
441.0 924656.330885 
442.0 923245.743946 
443.0 923628.332925 
444.0 922290.021181 
445.0 921573.133797 
446.0 920803.361477 
447.0 921877.023371 
448.0 920006.355249 
449.0 923148.645811 
450.0 919450.255205 
451.0 919965.212628 
452.0 920633.157028 
453.0 920769.675498 
454.0 920598.748207 
455.0 921988.651133 
456.0 920342.873953 
457.0 919678.2251 
458.0 920095.891225 
459.0 919685.314032 
460.0 920850.7376 
461.0 920214.540716 
462.0 920489.199978 
463.0 921425.564768 
464.0 920374.85174 
465.0 922724.600937 
466.0 920571.340338 
467.0 920279.226576 
468.0 922405.719526 
469.0 921911.128188 
470.0 921095.371585 
471.0 922695.518478 
472.0 922542.810622 
473.0 922387.431258 
474.0 922761.776126 
475.0 922239.867917 
476.0 923005.035535 
477.0 923343.518338 
478.0 923267.617818 
479.0 923272.671699 
480.0 923535.941797 
481.0 924751.671841 
482.0 924836.783285 
483.0 925900.294719 
484.0 924589.257373 
485.0 926168.286056 
486.0 927450.044535 
487.0 928736.936586 
488.0 928214.062503 
489.0 929787.71938 
490.0 930075.696174 
491.0 931905.265388 
492.0 931630.073814 
493.0 933298.895983 
494.0 933621.343216 
495.0 935399.773434 
496.0 935916.992285 
497.0 937492.734351 
498.0 935968.114273 
499.0 938167.503683 
500.0 939113.07132 
501.0 770816.832744 
502.0 600951.036399 
503.0 599796.242937 
504.0 600302.605666 
505.0 600598.402062 
506.0 600301.654961 
507.0 599931.11092 
508.0 600222.825198 
509.0 599931.740965 
510.0 600051.152112 
511.0 600867.282418 
512.0 600706.439058 
513.0 601802.380979 
514.0 601457.918802 
515.0 601585.152931 
516.0 601655.93987 
517.0 602131.844711 
518.0 602162.802107 
519.0 602536.855231 
520.0 602564.700293 
521.0 602839.454644 
522.0 603220.59901 
523.0 604544.706667 
524.0 604430.043524 
525.0 604598.178783 
526.0 605701.45053 
527.0 606348.885171 
528.0 606409.721818 
529.0 606928.303011 
530.0 607030.474902 
531.0 607474.159887 
532.0 607907.628949 
533.0 608884.877926 
534.0 609174.647297 
535.0 610005.23703 
536.0 609968.776522 
537.0 611066.785628 
538.0 610971.713325 
539.0 611341.063675 
540.0 613048.581155 
541.0 612428.091628 
542.0 612861.126809 
543.0 613822.013681 
544.0 614566.789498 
545.0 614920.153545 
546.0 615639.438142 
547.0 615654.938798 
548.0 615917.300218 
549.0 616504.606016 
550.0 617234.725462 
551.0 617912.179335 
552.0 617884.838134 
553.0 618694.089842 
554.0 618935.676989 
555.0 618969.208675 
556.0 619287.598307 
557.0 619603.255174 
558.0 620251.106656 
559.0 621231.205849 
560.0 620961.560701 
561.0 623062.953913 
562.0 623345.161358 
563.0 623476.132229 
564.0 624373.227903 
565.0 624503.35629 
566.0 624566.351489 
567.0 626399.31094 
568.0 626476.591115 
569.0 627655.12299 
570.0 628261.710374 
571.0 629214.3202 
572.0 630140.976815 
573.0 630847.706321 
574.0 631599.910954 
575.0 632014.297513 
576.0 632513.159705 
577.0 633199.844882 
578.0 633299.124398 
579.0 634783.794342 
580.0 635489.999932 
581.0 636215.142639 
582.0 636843.245385 
583.0 638225.949421 
584.0 638869.353641 
585.0 639819.70606 
586.0 642347.203444 
587.0 642460.184396 
588.0 643728.709312 
589.0 645167.879019 
590.0 646229.943784 
591.0 646187.981976 
592.0 647858.406752 
593.0 647436.363168 
594.0 647905.333695 
595.0 648717.224431 
596.0 648564.109706 
597.0 649110.364632 
598.0 650620.234395 
599.0 651674.277813 
600.0 653175.979302 
601.0 654475.495052 
602.0 655605.026827 
603.0 656819.017719 
604.0 658238.390677 
605.0 659182.445177 
606.0 660402.104188 
607.0 662641.709756 
608.0 663136.769236 
609.0 665250.239684 
610.0 666709.669491 
611.0 667096.748458 
612.0 668755.669275 
613.0 670722.736408 
614.0 671346.805648 
615.0 672404.125664 
616.0 672870.291853 
617.0 674530.879792 
618.0 674974.087787 
619.0 676507.531548 
620.0 676562.531409 
621.0 677473.069065 
622.0 679518.505797 
623.0 680202.872326 
624.0 682885.804765 
625.0 683845.552413 
626.0 684603.391205 
627.0 686607.732222 
628.0 687739.336469 
629.0 690107.610906 
630.0 690672.101958 
631.0 692787.700531 
632.0 694675.679798 
633.0 696276.254999 
634.0 697797.817763 
635.0 699177.723466 
636.0 700847.460464 
637.0 703681.663447 
638.0 704756.487876 
639.0 707913.793402 
640.0 710319.088297 
641.0 711901.055064 
642.0 713844.238319 
643.0 715958.088352 
644.0 718176.789931 
645.0 720740.612838 
646.0 723401.062443 
647.0 724628.045405 
648.0 726345.383723 
649.0 727139.829911 
650.0 727663.941093 
651.0 731200.899384 
652.0 732962.728848 
653.0 733964.893771 
654.0 735902.770802 
655.0 738093.426589 
656.0 739029.297687 
657.0 740620.30823 
658.0 742495.300573 
659.0 743678.097211 
660.0 744812.177119 
661.0 745998.843668 
662.0 746751.087351 
663.0 748182.723985 
664.0 747848.079975 
665.0 749087.676059 
666.0 748649.613943 
667.0 750210.447696 
668.0 750974.117666 
669.0 750943.375503 
670.0 751352.687221 
671.0 754013.982846 
672.0 754695.267412 
673.0 754136.493839 
674.0 755335.425703 
675.0 757697.635013 
676.0 757503.630549 
677.0 759083.728016 
678.0 759266.7331 
679.0 761024.538128 
680.0 763869.442446 
681.0 763995.764792 
682.0 766322.838477 
683.0 767047.354096 
684.0 770234.343167 
685.0 773157.566105 
686.0 774760.499496 
687.0 777573.093508 
688.0 779850.408679 
689.0 783964.603385 
690.0 787966.659492 
691.0 790524.141081 
692.0 794888.587907 
693.0 797908.489679 
694.0 800437.281312 
695.0 802221.390154 
696.0 805063.970185 
697.0 806844.767243 
698.0 807758.407127 
699.0 810177.905975 
700.0 811196.501895 
701.0 813598.727502 
702.0 815330.225068 
703.0 815790.520309 
704.0 817632.747375 
705.0 819387.489983 
706.0 820198.378543 
707.0 820146.937704 
708.0 820327.953732 
709.0 822009.72239 
710.0 822294.353901 
711.0 822720.835718 
712.0 823343.929036 
713.0 823120.736702 
714.0 824833.239148 
715.0 824370.829836 
716.0 826140.325152 
717.0 826824.858187 
718.0 825686.731723 
719.0 827725.522935 
720.0 827366.526255 
721.0 827343.631671 
722.0 828198.230429 
723.0 828898.858773 
724.0 828596.529283 
725.0 829587.843061 
726.0 828734.011038 
727.0 830271.256865 
728.0 833180.907813 
729.0 830705.256581 
730.0 831745.47053 
731.0 830878.615237 
732.0 833271.471598 
733.0 834099.50475 
734.0 836492.022522 
735.0 834144.308538 
736.0 838661.286264 
737.0 840539.717036 
738.0 844386.870012 
739.0 846986.750687 
740.0 846862.943296 
741.0 848590.61089 
742.0 854626.831097 
743.0 855003.733083 
744.0 857519.432369 
745.0 859193.300443 
746.0 862178.124033 
747.0 866039.811808 
748.0 864327.477521 
749.0 866252.928881 
750.0 868651.065225 
751.0 869147.548955 
752.0 870280.257154 
753.0 873172.685738 
754.0 872459.011682 
755.0 872667.274133 
756.0 873767.078888 
757.0 876348.368049 
758.0 875664.06415 
759.0 877645.825994 
760.0 879115.436494 
761.0 882871.68896 
762.0 885165.112746 
763.0 888725.317449 
764.0 887152.963527 
765.0 887827.406613 
766.0 887858.020098 
767.0 891977.678104 
768.0 897453.076318 
769.0 897784.039201 
770.0 899367.669334 
771.0 901018.117325 
772.0 899531.084112 
773.0 899289.406352 
774.0 898804.805572 
775.0 899469.038444 
776.0 902060.014567 
777.0 903107.113702 
778.0 902588.359832 
779.0 900711.740143 
780.0 906120.328533 
781.0 910224.820037 
782.0 906070.284107 
783.0 909782.367918 
784.0 911874.382906 
785.0 910813.731523 
786.0 914098.094385 
787.0 913444.034723 
788.0 918312.65614 
789.0 927196.813623 
790.0 927992.934561 
791.0 929746.568907 
792.0 934952.423771 
793.0 938683.224062 
794.0 937785.369097 
795.0 939429.66783 
796.0 946262.814701 
797.0 953502.149904 
798.0 956240.715235 
799.0 968050.231319 
800.0 971482.740182 
801.0 972795.148204 
802.0 970032.026684 
803.0 983152.01344 
804.0 980674.164214 
805.0 988725.934915 
806.0 994660.368835 
807.0 1004226.84613 
808.0 1015354.67345 
809.0 1009080.82297 
810.0 1016337.96796 
811.0 1032158.38841 
812.0 1035329.4096 
813.0 1030371.09988 
814.0 1039869.38792 
815.0 1045488.99696 
816.0 1043847.07247 
817.0 1049036.22213 
818.0 1067100.03232 
819.0 1068245.04664 
820.0 1082066.42735 
821.0 1086565.21814 
822.0 1110292.67801 
823.0 1122858.4087 
824.0 1123325.79273 
825.0 1119969.70038 
826.0 1128560.54538 
827.0 1147292.78488 
828.0 1148063.16053 
829.0 1137272.99185 
830.0 1136585.29432 
831.0 1126778.74269 
832.0 1140439.69721 
833.0 1130507.09216 
834.0 1142853.26219 
835.0 1132569.86544 
836.0 1152379.11608 
837.0 1163400.6995 
838.0 1168965.9236 
839.0 1182831.25938 
840.0 1194699.34624 
841.0 1183301.35179 
842.0 1206020.9597 
843.0 1200913.26952 
844.0 1213445.9556 
845.0 1210897.71213 
846.0 1231608.37345 
847.0 1258102.1309 
848.0 1269991.6728 
849.0 1276360.33387 
850.0 1290151.66386 
851.0 1283855.09364 
852.0 1285725.32097 
853.0 1283154.64778 
854.0 1275856.98419 
855.0 1274143.51546 
856.0 1309321.02157 
857.0 1255756.38096 
858.0 1244985.2825 
859.0 1199079.11319 
860.0 1214410.01848 
861.0 1228388.15121 
862.0 1311063.65987 
863.0 1333862.83616 
864.0 1475588.63227 
865.0 1224733.78659 
866.0 1928149.31446 
