2.0 34618998647.4 
3.0 20071641797.9 
4.0 8667310478.56 
5.0 4766772580.03 
6.0 2367356573.67 
7.0 1689715542.98 
8.0 1001333137.64 
9.0 750221479.442 
10.0 599958288.852 
11.0 545223511.186 
12.0 487821636.064 
13.0 426113294.595 
14.0 404702006.662 
15.0 380736142.984 
16.0 341121420.965 
17.0 305996199.595 
18.0 281284406.05 
19.0 256992891.583 
20.0 227058077.713 
21.0 205646960.607 
22.0 187452867.001 
23.0 168009731.897 
24.0 156096584.7 
25.0 145825316.102 
26.0 134757710.254 
27.0 126743363.658 
28.0 114302496.192 
29.0 110123443.248 
30.0 99896794.8444 
31.0 94525871.0309 
32.0 88586866.5823 
33.0 82508700.2112 
34.0 77745683.3516 
35.0 73728613.0437 
36.0 70295886.4223 
37.0 65893833.1826 
38.0 62846086.2783 
39.0 59434169.5706 
40.0 56861232.0522 
41.0 53944997.3786 
42.0 50616313.3129 
43.0 49634072.0433 
44.0 46606178.612 
45.0 44734934.2671 
46.0 43170903.7962 
47.0 41585898.4885 
48.0 39678313.3875 
49.0 38279778.6977 
50.0 36445047.2762 
51.0 34710877.8155 
52.0 33716032.8031 
53.0 32463863.5265 
54.0 31429915.5245 
55.0 30307565.9754 
56.0 29145522.3873 
57.0 28061754.7485 
58.0 27188986.8241 
59.0 26114687.8006 
60.0 25328038.8753 
61.0 24306067.3961 
62.0 23806128.4143 
63.0 22984532.6618 
64.0 22147472.5303 
65.0 21795751.0755 
66.0 20717349.0289 
67.0 20420516.0488 
68.0 19797294.3123 
69.0 19124858.4502 
70.0 18825988.0979 
71.0 18192016.0752 
72.0 17771781.012 
73.0 17180020.4865 
74.0 16744510.5644 
75.0 16374455.2994 
76.0 15851791.0425 
77.0 15425811.9934 
78.0 15039710.1098 
79.0 14749257.6535 
80.0 14361044.9388 
81.0 14035855.9128 
82.0 13664135.2277 
83.0 13285904.8029 
84.0 13054920.784 
85.0 12749226.0439 
86.0 12396008.7571 
87.0 12103106.2304 
88.0 11898964.2516 
89.0 11678022.2677 
90.0 11333255.0025 
91.0 11105526.3122 
92.0 10930668.2437 
93.0 10630941.0339 
94.0 10437883.3648 
95.0 10203577.8878 
96.0 10058919.8244 
97.0 9846716.68907 
98.0 9568976.39939 
99.0 9418264.44673 
100.0 9195818.78107 
101.0 9063857.45203 
102.0 8875573.15871 
103.0 8717317.6448 
104.0 8550381.02591 
105.0 8401547.26259 
106.0 8235383.7919 
107.0 8129317.99887 
108.0 7941861.03617 
109.0 7844695.72254 
110.0 7622519.93752 
111.0 7538549.61397 
112.0 7332390.91522 
113.0 7270473.23442 
114.0 7115596.76286 
115.0 7026843.31256 
116.0 6896669.06056 
117.0 6790402.62258 
118.0 6680776.68681 
119.0 6578236.9169 
120.0 6475962.55229 
121.0 6355958.10538 
122.0 6242843.05095 
123.0 6157200.62496 
124.0 6032025.57313 
125.0 5947618.06171 
126.0 5845582.01519 
127.0 5799057.06414 
128.0 5688261.62691 
129.0 5600785.33971 
130.0 5509746.21928 
131.0 5450593.72551 
132.0 5356297.64021 
133.0 5277900.18174 
134.0 5205386.1536 
135.0 5152716.4461 
136.0 5041109.89787 
137.0 4972738.34301 
138.0 4902645.035 
139.0 4840214.74705 
140.0 4779693.05425 
141.0 4713419.08798 
142.0 4657698.02481 
143.0 4583561.11234 
144.0 4520473.68789 
145.0 4478254.44755 
146.0 4407495.45854 
147.0 4348260.56853 
148.0 4290432.13115 
149.0 4231412.64153 
150.0 4167335.60539 
151.0 4137324.4476 
152.0 4071748.11268 
153.0 4041155.68026 
154.0 3964627.16364 
155.0 3938453.73979 
156.0 3884141.14864 
157.0 3837178.62218 
158.0 3786054.52151 
159.0 3755589.92238 
160.0 3710713.81851 
161.0 3659472.99182 
162.0 3602459.67405 
163.0 3559220.5903 
164.0 3524284.11261 
165.0 3483685.96448 
166.0 3452925.90847 
167.0 3403199.48082 
168.0 3363417.53962 
169.0 3333366.35878 
170.0 3282349.30074 
171.0 3262859.01859 
172.0 3227692.57889 
173.0 3190269.85702 
174.0 3158232.31641 
175.0 3114670.24171 
176.0 3087001.81638 
177.0 3051540.883 
178.0 3031923.79698 
179.0 2997942.97914 
180.0 2952358.60784 
181.0 2926436.65467 
182.0 2900584.38322 
183.0 2869858.65953 
184.0 2836641.26607 
185.0 2820514.18785 
186.0 2780981.73829 
187.0 2758960.95231 
188.0 2720995.77207 
189.0 2710201.89915 
190.0 2675954.52112 
191.0 2654392.40002 
192.0 2617064.09145 
193.0 2608369.67602 
194.0 2571564.8189 
195.0 2553300.55389 
196.0 2524955.76379 
197.0 2503450.20517 
198.0 2487554.20554 
199.0 2457911.98996 
200.0 2434032.42169 
201.0 2414606.79335 
202.0 2388008.93198 
203.0 2371352.62942 
204.0 2348348.92745 
205.0 2332832.94795 
206.0 2298490.77365 
207.0 2293716.91357 
208.0 2269092.36815 
209.0 2248530.44699 
210.0 2230219.70425 
211.0 2213845.95779 
212.0 2193747.37135 
213.0 2172477.17593 
214.0 2151527.01435 
215.0 2138278.37289 
216.0 2117911.33677 
217.0 2103593.83571 
218.0 2087751.25499 
219.0 2070074.54585 
220.0 2055468.27555 
221.0 2034183.43318 
222.0 2017724.07748 
223.0 2004514.11417 
224.0 1986741.79554 
225.0 1973036.93787 
226.0 1954235.03799 
227.0 1944158.98264 
228.0 1923451.19624 
229.0 1913863.73292 
230.0 1899211.98123 
231.0 1885186.19324 
232.0 1872181.66695 
233.0 1855551.11768 
234.0 1839066.14987 
235.0 1830408.06429 
236.0 1814955.58968 
237.0 1803439.35927 
238.0 1788735.65924 
239.0 1777248.68008 
240.0 1760631.71132 
241.0 1754695.88354 
242.0 1736484.62845 
243.0 1725844.64403 
244.0 1713149.82339 
245.0 1704706.10605 
246.0 1694555.59954 
247.0 1679701.7531 
248.0 1667757.56396 
249.0 1660600.68833 
250.0 1649596.16763 
251.0 1635145.60533 
252.0 1623457.37529 
253.0 1615477.68093 
254.0 1604603.00512 
255.0 1591085.5245 
256.0 1582394.43878 
257.0 1574435.50405 
258.0 1562972.94393 
259.0 1554549.27451 
260.0 1546325.7575 
261.0 1535562.27154 
262.0 1524872.37164 
263.0 1516157.11991 
264.0 1503830.91968 
265.0 1496073.36088 
266.0 1484579.17207 
267.0 1483148.15868 
268.0 1471187.6101 
269.0 1459597.34351 
270.0 1453132.84058 
271.0 1446346.73134 
272.0 1432090.77873 
273.0 1429694.11435 
274.0 1420981.09899 
275.0 1414223.57802 
276.0 1402140.33196 
277.0 1393973.98052 
278.0 1389978.27834 
279.0 1380482.53497 
280.0 1372027.51473 
281.0 1365016.88347 
282.0 1358820.06095 
283.0 1351113.67071 
284.0 1341294.79482 
285.0 1337496.31189 
286.0 1328763.25647 
287.0 1323474.75765 
288.0 1314298.88447 
289.0 1311741.05682 
290.0 1300999.37899 
291.0 1295203.0339 
292.0 1289180.76277 
293.0 1284250.25053 
294.0 1274573.13653 
295.0 1269693.93257 
296.0 1262078.65488 
297.0 1258901.74146 
298.0 1249896.38472 
299.0 1245184.74291 
300.0 1241417.12114 
301.0 1234130.61233 
302.0 1229264.45272 
303.0 1219046.68827 
304.0 1218111.35316 
305.0 1213128.61251 
306.0 1204293.45996 
307.0 1200561.08591 
308.0 1192791.17092 
309.0 1191947.67049 
310.0 1183102.29808 
311.0 1179461.87929 
312.0 1172741.35735 
313.0 1170068.28863 
314.0 1163141.17362 
315.0 1158681.00789 
316.0 1154260.47627 
317.0 1148901.89339 
318.0 1144655.25478 
319.0 1138242.73647 
320.0 1133605.19257 
321.0 1131848.6039 
322.0 1124923.93992 
323.0 1119076.84352 
324.0 1116514.91199 
325.0 1113048.45548 
326.0 1107295.82634 
327.0 1103413.72227 
328.0 1099754.24929 
329.0 1095621.99831 
330.0 1091363.41891 
331.0 1085311.93255 
332.0 1083899.7922 
333.0 1079487.92469 
334.0 1073425.38934 
335.0 1071991.62709 
336.0 1065980.25277 
337.0 1063714.29623 
338.0 1060209.22324 
339.0 1054941.49993 
340.0 1053982.60354 
341.0 1049665.99161 
342.0 1045542.63125 
343.0 1043191.25732 
344.0 1036742.6739 
345.0 1036470.61337 
346.0 1030384.73927 
347.0 1029961.01672 
348.0 1025058.85792 
349.0 1021099.99733 
350.0 1018367.37751 
351.0 1015812.00793 
352.0 1012619.69235 
353.0 1009183.77644 
354.0 1005899.05517 
355.0 1005220.35896 
356.0 999650.446143 
357.0 998718.455184 
358.0 995198.697717 
359.0 992316.678801 
360.0 990477.733651 
361.0 985478.076891 
362.0 985306.710299 
363.0 980716.73745 
364.0 978264.796343 
365.0 976278.779116 
366.0 971568.582025 
367.0 972245.135159 
368.0 967049.345944 
369.0 965762.437266 
370.0 961204.244277 
371.0 959828.00515 
372.0 958448.180979 
373.0 955158.267389 
374.0 952673.266206 
375.0 951007.795745 
376.0 948482.942189 
377.0 947395.696257 
378.0 943743.483118 
379.0 943099.976086 
380.0 939847.096701 
381.0 938258.632642 
382.0 935798.550388 
383.0 934638.251868 
384.0 932309.486643 
385.0 931375.878439 
386.0 929499.186471 
387.0 929383.472841 
388.0 926433.62669 
389.0 925758.096208 
390.0 923274.577464 
391.0 922259.871128 
392.0 920744.401326 
393.0 919358.701936 
394.0 916839.444372 
395.0 916496.370354 
396.0 914668.579218 
397.0 911828.953849 
398.0 911949.520642 
399.0 909773.968396 
400.0 908161.348917 
401.0 907680.070824 
402.0 904437.127571 
403.0 903797.39349 
404.0 901116.843938 
405.0 901820.548496 
406.0 899552.009521 
407.0 899483.03953 
408.0 898471.50347 
409.0 894218.215973 
410.0 895749.513283 
411.0 893586.014358 
412.0 890975.559876 
413.0 891772.77687 
414.0 889673.742992 
415.0 888843.616644 
416.0 886193.934075 
417.0 887082.35292 
418.0 884900.098225 
419.0 883412.126919 
420.0 883264.128123 
421.0 881365.104318 
422.0 881017.282891 
423.0 880109.511751 
424.0 879986.329483 
425.0 878681.498946 
426.0 876636.511378 
427.0 876595.150916 
428.0 875262.891285 
429.0 875379.930007 
430.0 875043.40974 
431.0 873848.239547 
432.0 873007.842915 
433.0 872020.877871 
434.0 870467.860521 
435.0 870867.210464 
436.0 871348.24257 
437.0 869588.634097 
438.0 869068.734972 
439.0 868487.754729 
440.0 866647.936419 
441.0 868363.631905 
442.0 867210.459345 
443.0 867579.952409 
444.0 866403.355336 
445.0 865374.495355 
446.0 864520.229785 
447.0 865301.654057 
448.0 864320.007618 
449.0 865832.840676 
450.0 862762.566464 
451.0 864480.159231 
452.0 862662.468027 
453.0 863685.087946 
454.0 863137.36572 
455.0 863444.82477 
456.0 863877.418018 
457.0 862957.877471 
458.0 862396.505553 
459.0 863727.334606 
460.0 861862.230036 
461.0 862711.954574 
462.0 862457.64609 
463.0 862333.765301 
464.0 862144.766402 
465.0 864041.627598 
466.0 862398.141431 
467.0 862845.686085 
468.0 864478.617622 
469.0 864253.680219 
470.0 863552.488262 
471.0 865411.352535 
472.0 864562.710426 
473.0 865416.62468 
474.0 865948.324362 
475.0 865979.522723 
476.0 865639.309834 
477.0 866108.915201 
478.0 866618.509373 
479.0 867805.339845 
480.0 868056.007992 
481.0 868887.065224 
482.0 867295.793111 
483.0 869624.601687 
484.0 868871.545777 
485.0 870467.439492 
486.0 870740.84095 
487.0 872127.132255 
488.0 871866.692966 
489.0 873390.495306 
490.0 872168.685953 
491.0 874094.906294 
492.0 873559.608228 
493.0 875616.070493 
494.0 874544.783821 
495.0 876622.09382 
496.0 876551.443124 
497.0 878155.669181 
498.0 877789.383937 
499.0 879524.129336 
500.0 879933.423885 
501.0 709088.197096 
502.0 537622.85839 
503.0 537160.085302 
504.0 536978.682686 
505.0 536368.356798 
506.0 536347.288859 
507.0 536422.819328 
508.0 536336.729433 
509.0 536448.902955 
510.0 536508.184125 
511.0 536630.099436 
512.0 537093.670073 
513.0 536368.400438 
514.0 536551.14044 
515.0 536834.019731 
516.0 536697.053153 
517.0 536741.374009 
518.0 536838.118004 
519.0 537141.562292 
520.0 537532.737038 
521.0 537581.520963 
522.0 538017.328844 
523.0 538236.458425 
524.0 539256.650299 
525.0 540322.988021 
526.0 540294.678378 
527.0 540665.438791 
528.0 541255.783387 
529.0 541465.378399 
530.0 542189.198423 
531.0 542612.131958 
532.0 542815.466979 
533.0 542980.810216 
534.0 543986.413751 
535.0 544020.83707 
536.0 544698.780998 
537.0 544441.491518 
538.0 545566.272437 
539.0 545401.697962 
540.0 545930.9243 
541.0 546965.129298 
542.0 547013.798837 
543.0 547030.984779 
544.0 547871.151542 
545.0 548163.326281 
546.0 548926.463438 
547.0 549403.422199 
548.0 550114.288085 
549.0 550890.330751 
550.0 551234.527268 
551.0 551669.515061 
552.0 552422.505943 
553.0 553374.712164 
554.0 554196.229538 
555.0 555415.226384 
556.0 555913.791964 
557.0 556459.252378 
558.0 557606.227798 
559.0 558723.074797 
560.0 559456.076445 
561.0 559767.051978 
562.0 560558.868767 
563.0 561198.227959 
564.0 562109.893762 
565.0 562039.246889 
566.0 562930.229631 
567.0 563971.826381 
568.0 564434.694006 
569.0 565466.919615 
570.0 566054.224592 
571.0 567667.239794 
572.0 567546.659722 
573.0 570093.298278 
574.0 570558.968145 
575.0 571165.177397 
576.0 571061.272157 
577.0 572706.756767 
578.0 573202.795245 
579.0 573635.093697 
580.0 574011.432126 
581.0 575032.955429 
582.0 576039.049052 
583.0 576785.490229 
584.0 578062.421063 
585.0 579550.782087 
586.0 580604.660756 
587.0 582435.215253 
588.0 583076.58791 
589.0 584410.068023 
590.0 585278.435641 
591.0 586559.514549 
592.0 587489.187471 
593.0 588575.891537 
594.0 590756.663184 
595.0 591184.565609 
596.0 592051.303384 
597.0 592329.802461 
598.0 592627.372252 
599.0 593136.253812 
600.0 594862.884181 
601.0 595865.677381 
602.0 597199.310825 
603.0 597448.89997 
604.0 598984.521822 
605.0 598879.396363 
606.0 600161.985874 
607.0 601023.659715 
608.0 602115.900173 
609.0 602487.355157 
610.0 603296.966288 
611.0 603964.93212 
612.0 605520.245325 
613.0 605904.407242 
614.0 606876.264577 
615.0 608397.683914 
616.0 608882.906884 
617.0 610873.492737 
618.0 610724.393759 
619.0 612797.143905 
620.0 614092.31052 
621.0 615053.59556 
622.0 617047.919808 
623.0 618194.655488 
624.0 619274.5196 
625.0 620599.879139 
626.0 622952.453064 
627.0 624767.858386 
628.0 626273.942522 
629.0 627097.108569 
630.0 627411.766145 
631.0 629929.850557 
632.0 631274.805506 
633.0 631339.670688 
634.0 632675.522643 
635.0 633647.690626 
636.0 634635.353978 
637.0 634954.628612 
638.0 635261.186473 
639.0 636888.042892 
640.0 637510.028625 
641.0 638253.970479 
642.0 638558.322776 
643.0 639114.263613 
644.0 640065.597588 
645.0 640702.2054 
646.0 641133.305589 
647.0 641692.796029 
648.0 642916.634504 
649.0 644475.288403 
650.0 645463.860711 
651.0 645951.262617 
652.0 646640.548716 
653.0 647673.659327 
654.0 648399.361884 
655.0 649944.981937 
656.0 651713.139944 
657.0 652209.388472 
658.0 653303.079732 
659.0 655219.55069 
660.0 657644.303743 
661.0 658218.619638 
662.0 659800.834146 
663.0 662783.489413 
664.0 665242.073624 
665.0 667689.877167 
666.0 669647.764542 
667.0 672692.890467 
668.0 674938.961962 
669.0 677805.318783 
670.0 679097.788353 
671.0 681859.1359 
672.0 684565.753933 
673.0 685357.181721 
674.0 687512.573784 
675.0 689046.139867 
676.0 691197.498397 
677.0 692290.312064 
678.0 694564.181609 
679.0 695890.369268 
680.0 696924.39778 
681.0 698491.61318 
682.0 699539.881581 
683.0 700871.638941 
684.0 701397.644368 
685.0 701393.424921 
686.0 703338.231072 
687.0 703818.926779 
688.0 705604.269545 
689.0 705796.49467 
690.0 704029.865444 
691.0 706380.202531 
692.0 706752.350026 
693.0 706895.027545 
694.0 708616.302488 
695.0 709753.128836 
696.0 709955.151291 
697.0 709659.591109 
698.0 712662.329499 
699.0 713649.396968 
700.0 715303.686717 
701.0 716834.78023 
702.0 718045.744817 
703.0 719464.603708 
704.0 720996.939301 
705.0 721903.268249 
706.0 721739.118918 
707.0 723938.845084 
708.0 725096.06185 
709.0 724988.891555 
710.0 727810.315642 
711.0 727094.735883 
712.0 726045.186412 
713.0 728677.086646 
714.0 731059.083292 
715.0 732044.429612 
716.0 731099.374577 
717.0 733911.73635 
718.0 733102.660799 
719.0 734375.598172 
720.0 733622.604814 
721.0 735014.33392 
722.0 737653.038839 
723.0 737335.442229 
724.0 738299.445828 
725.0 739867.651285 
726.0 739481.985345 
727.0 741010.667678 
728.0 741891.725179 
729.0 741949.796768 
730.0 741691.526135 
731.0 745107.12588 
732.0 746994.036857 
733.0 748422.294779 
734.0 749752.950278 
735.0 751657.124066 
736.0 752968.361096 
737.0 756897.765824 
738.0 757224.177364 
739.0 758367.477396 
740.0 763025.620642 
741.0 761391.075819 
742.0 760375.973016 
743.0 762558.473683 
744.0 762679.188059 
745.0 763499.322195 
746.0 763554.106211 
747.0 763668.542031 
748.0 763278.107227 
749.0 764663.202252 
750.0 764299.799812 
751.0 766278.006799 
752.0 769491.645465 
753.0 769448.26489 
754.0 769823.86187 
755.0 769942.670254 
756.0 770673.55112 
757.0 772035.493638 
758.0 775074.77479 
759.0 775455.04987 
760.0 777374.247516 
761.0 780288.474318 
762.0 783514.595068 
763.0 786127.491216 
764.0 787931.950945 
765.0 788292.238568 
766.0 788930.19791 
767.0 792449.933496 
768.0 792320.669181 
769.0 797903.525909 
770.0 796843.30704 
771.0 799438.481467 
772.0 801814.454157 
773.0 801006.677799 
774.0 801211.090841 
775.0 806247.310833 
776.0 808858.941375 
777.0 809047.557833 
778.0 810142.204718 
779.0 808512.564319 
780.0 806509.361499 
781.0 808923.915743 
782.0 813555.666928 
783.0 814868.057975 
784.0 813350.245876 
785.0 813624.422677 
786.0 810752.688048 
787.0 814589.788749 
788.0 809593.799856 
789.0 812764.706467 
790.0 815379.411809 
791.0 814069.810911 
792.0 813960.64223 
793.0 810481.92826 
794.0 813854.748992 
795.0 814645.215777 
796.0 814847.931956 
797.0 812407.200468 
798.0 815633.385993 
799.0 813814.137779 
800.0 814839.977351 
801.0 818450.927697 
802.0 822371.072075 
803.0 823483.84823 
804.0 827671.442897 
805.0 825799.242623 
806.0 827909.865918 
807.0 832201.157894 
808.0 834320.188776 
809.0 831629.337354 
810.0 838270.185469 
811.0 830124.771567 
812.0 839132.672119 
813.0 843291.046807 
814.0 845844.423494 
815.0 848966.281193 
816.0 843799.013323 
817.0 844073.944493 
818.0 839555.465972 
819.0 839436.291641 
820.0 837389.188124 
821.0 836685.839469 
822.0 833844.304231 
823.0 827856.779697 
824.0 827220.556591 
825.0 820663.14776 
826.0 821797.332043 
827.0 815816.895217 
828.0 819450.398009 
829.0 819902.038787 
830.0 817307.619808 
831.0 810776.995939 
832.0 802419.272165 
833.0 821083.846403 
834.0 803779.236925 
835.0 815933.489877 
836.0 797114.144842 
837.0 794706.115546 
838.0 794459.3328 
839.0 804666.092093 
840.0 796601.551511 
841.0 803749.730322 
842.0 811147.215804 
843.0 815576.628098 
844.0 817148.358598 
845.0 819872.990894 
846.0 840799.839981 
847.0 825915.830797 
848.0 852256.764547 
849.0 867935.721081 
850.0 871551.091031 
851.0 898552.51273 
852.0 873785.424193 
853.0 883385.908807 
854.0 898395.977213 
855.0 896020.401334 
856.0 908052.17538 
857.0 939823.792761 
858.0 920447.223065 
859.0 949575.544273 
860.0 935204.346391 
861.0 943424.129861 
862.0 950932.883698 
863.0 936863.37099 
864.0 878702.237578 
865.0 947104.496477 
866.0 1067686.28034 
