2.0 23823161710.2 
3.0 11997902805.2 
4.0 7572048665.75 
5.0 4260872155.99 
6.0 2221891085.67 
7.0 1523675582.92 
8.0 931821713.547 
9.0 662478086.864 
10.0 483227079.705 
11.0 370114890.018 
12.0 304447615.475 
13.0 239839264.506 
14.0 209114833.384 
15.0 190915328.255 
16.0 168863446.919 
17.0 159859267.901 
18.0 148279272.586 
19.0 141915725.307 
20.0 132632581.809 
21.0 127218055.384 
22.0 117770371.163 
23.0 112982605.905 
24.0 104866007.251 
25.0 99041831.1927 
26.0 91873663.628 
27.0 86296360.311 
28.0 81475852.2383 
29.0 78324533.1633 
30.0 71596111.9891 
31.0 67419304.6842 
32.0 63058627.427 
33.0 59663074.5543 
34.0 55551533.8901 
35.0 53213973.5162 
36.0 50240675.6049 
37.0 46956228.0315 
38.0 44786456.88 
39.0 43042195.7233 
40.0 40548406.276 
41.0 38868652.456 
42.0 36337114.2019 
43.0 35274256.0188 
44.0 33290707.7834 
45.0 32157995.9928 
46.0 30594570.5748 
47.0 29724861.3138 
48.0 28477328.653 
49.0 27473047.3077 
50.0 25976785.8345 
51.0 25094457.5635 
52.0 24107878.1874 
53.0 23286335.4506 
54.0 22328734.1112 
55.0 21773751.6302 
56.0 20874383.2055 
57.0 20244560.1721 
58.0 19573378.228 
59.0 18780082.1801 
60.0 18370878.9898 
61.0 17570729.7145 
62.0 17282993.1319 
63.0 16642961.0652 
64.0 15925531.2505 
65.0 15664582.7848 
66.0 15041000.887 
67.0 14828884.7852 
68.0 14274412.4931 
69.0 13955145.1964 
70.0 13503711.3372 
71.0 13168339.7502 
72.0 12829211.2196 
73.0 12529624.7694 
74.0 12088795.6308 
75.0 11819109.182 
76.0 11426518.5549 
77.0 11158371.8725 
78.0 10890883.3108 
79.0 10520858.6853 
80.0 10262049.7439 
81.0 10089077.1394 
82.0 9822784.94292 
83.0 9550492.59538 
84.0 9379543.96122 
85.0 9195741.90054 
86.0 8930087.55136 
87.0 8729665.747 
88.0 8506401.35177 
89.0 8367923.14219 
90.0 8159364.38209 
91.0 7986551.39091 
92.0 7819519.85156 
93.0 7637321.65464 
94.0 7460097.29131 
95.0 7343237.13974 
96.0 7194425.22107 
97.0 7061666.20221 
98.0 6890559.16293 
99.0 6746620.75571 
100.0 6641050.96091 
101.0 6535483.70322 
102.0 6369270.33597 
103.0 6243970.55998 
104.0 6093097.23096 
105.0 6015122.39805 
106.0 5895645.78697 
107.0 5800659.07697 
108.0 5681007.36068 
109.0 5611062.97438 
110.0 5489787.09997 
111.0 5436000.48185 
112.0 5300615.59175 
113.0 5227788.91756 
114.0 5128661.89928 
115.0 5051896.59639 
116.0 4962678.14814 
117.0 4860952.19439 
118.0 4790500.41575 
119.0 4735906.6476 
120.0 4652286.93734 
121.0 4562203.74321 
122.0 4493558.29641 
123.0 4428137.22316 
124.0 4346193.21885 
125.0 4292285.17594 
126.0 4214164.49452 
127.0 4178906.93922 
128.0 4095269.70255 
129.0 4032953.37266 
130.0 3977813.19246 
131.0 3929550.23788 
132.0 3853063.13426 
133.0 3805691.98603 
134.0 3741521.61901 
135.0 3698462.73772 
136.0 3637027.80943 
137.0 3578271.38787 
138.0 3533237.97484 
139.0 3478795.68248 
140.0 3440602.14457 
141.0 3386049.17768 
142.0 3340888.73557 
143.0 3290627.83249 
144.0 3242179.06378 
145.0 3215272.91665 
146.0 3158824.13571 
147.0 3138249.7355 
148.0 3083485.64404 
149.0 3043898.74446 
150.0 3013519.06455 
151.0 2978383.71199 
152.0 2942511.29374 
153.0 2908748.18504 
154.0 2857600.96991 
155.0 2832118.38178 
156.0 2793111.01755 
157.0 2763109.6285 
158.0 2722552.86435 
159.0 2693498.14086 
160.0 2673771.90137 
161.0 2630459.41783 
162.0 2589501.52337 
163.0 2564594.65637 
164.0 2539977.07586 
165.0 2507956.83942 
166.0 2473174.61155 
167.0 2446587.89209 
168.0 2424162.70978 
169.0 2397007.59615 
170.0 2368362.68731 
171.0 2337972.16844 
172.0 2309910.83666 
173.0 2289786.93511 
174.0 2270056.1426 
175.0 2247539.04395 
176.0 2213371.577 
177.0 2199496.73455 
178.0 2171804.49924 
179.0 2146673.96125 
180.0 2126521.03968 
181.0 2102281.47655 
182.0 2081479.67806 
183.0 2060357.99269 
184.0 2030986.654 
185.0 2015659.53311 
186.0 1993653.07654 
187.0 1979317.11473 
188.0 1955797.35615 
189.0 1941595.29729 
190.0 1918984.351 
191.0 1906681.16968 
192.0 1876192.19756 
193.0 1868540.40344 
194.0 1845919.97165 
195.0 1834282.81327 
196.0 1807762.02152 
197.0 1793515.73679 
198.0 1783612.24931 
199.0 1761265.72522 
200.0 1746095.94228 
201.0 1728062.87587 
202.0 1713832.47783 
203.0 1698650.90029 
204.0 1682831.91082 
205.0 1668578.64183 
206.0 1649383.50893 
207.0 1643397.74054 
208.0 1622134.86966 
209.0 1611928.73696 
210.0 1593998.89042 
211.0 1580260.76902 
212.0 1569391.91847 
213.0 1557269.48503 
214.0 1539248.69545 
215.0 1534603.18481 
216.0 1522052.01559 
217.0 1506404.4745 
218.0 1497705.63587 
219.0 1480363.24739 
220.0 1473369.64305 
221.0 1459973.51964 
222.0 1445695.85597 
223.0 1435342.84155 
224.0 1422346.88271 
225.0 1412595.96198 
226.0 1396923.22036 
227.0 1389783.7959 
228.0 1377977.47223 
229.0 1368105.53902 
230.0 1357234.97021 
231.0 1348686.91761 
232.0 1338890.67809 
233.0 1328060.58175 
234.0 1317487.18988 
235.0 1310066.94764 
236.0 1298499.81754 
237.0 1288418.57175 
238.0 1280804.20708 
239.0 1272292.02339 
240.0 1260659.59088 
241.0 1253092.41946 
242.0 1242844.21219 
243.0 1234786.92525 
244.0 1224013.84906 
245.0 1216541.13069 
246.0 1209737.45791 
247.0 1201380.77364 
248.0 1191127.49256 
249.0 1186888.58628 
250.0 1178054.03202 
251.0 1169244.64317 
252.0 1160150.71589 
253.0 1153380.08797 
254.0 1145663.10732 
255.0 1136806.81083 
256.0 1132516.56631 
257.0 1126040.78673 
258.0 1116100.32723 
259.0 1109369.53606 
260.0 1101340.96965 
261.0 1096082.89042 
262.0 1090376.9106 
263.0 1081924.2914 
264.0 1073379.80372 
265.0 1070670.3522 
266.0 1061417.42093 
267.0 1058464.82567 
268.0 1053253.19839 
269.0 1044643.95716 
270.0 1038210.53732 
271.0 1032485.85636 
272.0 1023596.29144 
273.0 1020996.2276 
274.0 1013038.72107 
275.0 1007878.6171 
276.0 1002198.66063 
277.0 996031.150897 
278.0 992397.448298 
279.0 985506.99075 
280.0 979535.217343 
281.0 973813.648803 
282.0 970732.136395 
283.0 964588.977397 
284.0 957740.562546 
285.0 956160.207541 
286.0 948507.669843 
287.0 946857.255542 
288.0 938652.721162 
289.0 935191.803578 
290.0 930174.68658 
291.0 925299.235917 
292.0 920826.673756 
293.0 916204.940586 
294.0 910970.174583 
295.0 907478.88692 
296.0 901935.978686 
297.0 899017.59693 
298.0 893219.328491 
299.0 889228.826023 
300.0 884755.341386 
301.0 881620.845656 
302.0 878496.701314 
303.0 871968.722534 
304.0 868953.869937 
305.0 865511.445434 
306.0 859505.835549 
307.0 857302.486787 
308.0 851500.651116 
309.0 850407.258612 
310.0 846456.430287 
311.0 842189.209244 
312.0 837482.116649 
313.0 835324.621421 
314.0 831588.352556 
315.0 826353.935446 
316.0 823021.466059 
317.0 819330.471223 
318.0 817044.9566 
319.0 813912.231836 
320.0 810259.619665 
321.0 807077.902675 
322.0 803517.696712 
323.0 800377.682323 
324.0 797440.28679 
325.0 794084.708157 
326.0 791444.179567 
327.0 788131.084363 
328.0 784084.419167 
329.0 781742.824888 
330.0 778827.672321 
331.0 776322.748318 
332.0 774246.632917 
333.0 771666.787522 
334.0 767304.305638 
335.0 766638.167209 
336.0 762005.863304 
337.0 759553.524069 
338.0 756915.594671 
339.0 753620.901085 
340.0 751234.084489 
341.0 748393.842069 
342.0 746118.084736 
343.0 744332.059575 
344.0 740536.14696 
345.0 740351.143393 
346.0 736527.52964 
347.0 735164.363451 
348.0 733085.401248 
349.0 729148.952299 
350.0 727706.600249 
351.0 725590.946651 
352.0 722974.251683 
353.0 720138.166798 
354.0 718319.629128 
355.0 717871.231964 
356.0 714236.56499 
357.0 713544.230292 
358.0 710402.003417 
359.0 708672.882475 
360.0 706915.164547 
361.0 704485.535816 
362.0 703811.861411 
363.0 700414.605909 
364.0 699466.859062 
365.0 697949.18408 
366.0 695457.929989 
367.0 694311.136441 
368.0 690932.704691 
369.0 691572.24045 
370.0 687985.545746 
371.0 687503.907405 
372.0 685562.16188 
373.0 684159.642236 
374.0 681973.753541 
375.0 681069.363831 
376.0 679724.597703 
377.0 677969.277443 
378.0 676554.053395 
379.0 675493.379732 
380.0 673183.430655 
381.0 672710.398547 
382.0 671330.862682 
383.0 669122.45684 
384.0 668311.037079 
385.0 666927.085213 
386.0 665153.444703 
387.0 665611.046879 
388.0 662774.226591 
389.0 661691.258985 
390.0 658928.032929 
391.0 659282.289134 
392.0 657290.734481 
393.0 656375.756072 
394.0 654387.05909 
395.0 654472.796314 
396.0 652976.190776 
397.0 651811.32771 
398.0 651315.77137 
399.0 649694.973584 
400.0 648797.777644 
401.0 647851.349571 
402.0 646295.85195 
403.0 646594.088926 
404.0 645270.78002 
405.0 644499.975319 
406.0 643440.69517 
407.0 642664.998995 
408.0 641402.29923 
409.0 639170.483566 
410.0 639815.761086 
411.0 638501.538659 
412.0 637176.342397 
413.0 637078.687621 
414.0 636504.716198 
415.0 636252.308413 
416.0 634877.488189 
417.0 635077.435503 
418.0 633535.670982 
419.0 632625.170985 
420.0 632431.321883 
421.0 631908.584733 
422.0 631569.945575 
423.0 630786.199092 
424.0 629841.360822 
425.0 630323.238322 
426.0 629187.622589 
427.0 629341.806898 
428.0 629235.494626 
429.0 628146.675431 
430.0 627786.477514 
431.0 627505.734596 
432.0 626565.235018 
433.0 626324.337013 
434.0 626540.069628 
435.0 624940.312432 
436.0 625880.220029 
437.0 624610.491384 
438.0 623464.658807 
439.0 624474.244144 
440.0 623896.399705 
441.0 623571.300645 
442.0 623189.047056 
443.0 623475.660723 
444.0 623898.796549 
445.0 622529.861834 
446.0 622172.450035 
447.0 622474.840072 
448.0 622049.7264 
449.0 623393.819977 
450.0 621621.503479 
451.0 622310.542377 
452.0 622439.404309 
453.0 622687.639954 
454.0 621953.356653 
455.0 621695.011132 
456.0 622158.801799 
457.0 621811.372449 
458.0 621886.88823 
459.0 621769.734396 
460.0 622038.321982 
461.0 622152.471146 
462.0 622776.953241 
463.0 622224.934281 
464.0 621320.473932 
465.0 622671.458023 
466.0 622119.202784 
467.0 622771.981598 
468.0 623700.468792 
469.0 623881.643185 
470.0 623005.531755 
471.0 624655.467192 
472.0 623649.61576 
473.0 624790.341259 
474.0 624747.553261 
475.0 625489.237272 
476.0 625480.239741 
477.0 626106.430641 
478.0 627205.328425 
479.0 627033.623354 
480.0 626924.77943 
481.0 627527.168898 
482.0 627651.190755 
483.0 628532.267485 
484.0 628297.954108 
485.0 629939.632483 
486.0 630273.188926 
487.0 630552.960545 
488.0 630828.518061 
489.0 631455.683114 
490.0 631749.180742 
491.0 633030.305055 
492.0 633117.067753 
493.0 633582.18332 
494.0 633845.109416 
495.0 634648.972764 
496.0 635418.521149 
497.0 636183.067576 
498.0 635928.807095 
499.0 637191.049082 
500.0 637935.0189 
501.0 544784.339337 
502.0 449888.745286 
503.0 449394.696311 
504.0 449260.19827 
505.0 449213.226369 
506.0 449025.977742 
507.0 449050.210257 
508.0 448679.880189 
509.0 449524.4551 
510.0 449840.782977 
511.0 450045.555671 
512.0 450062.459774 
513.0 450674.246473 
514.0 450780.130874 
515.0 451186.720164 
516.0 451512.687205 
517.0 451656.802686 
518.0 451721.535049 
519.0 451353.374135 
520.0 451799.692776 
521.0 451967.213776 
522.0 452220.038547 
523.0 452253.355802 
524.0 452840.998239 
525.0 453194.892177 
526.0 453680.858351 
527.0 453655.553411 
528.0 453769.992043 
529.0 454600.807587 
530.0 455136.559945 
531.0 455039.528637 
532.0 455782.722242 
533.0 455545.853763 
534.0 456876.897811 
535.0 456974.407098 
536.0 457198.385784 
537.0 457409.088386 
538.0 457833.281876 
539.0 458257.392337 
540.0 459198.677534 
541.0 459596.564132 
542.0 459681.121795 
543.0 460205.205877 
544.0 460820.385957 
545.0 460817.911568 
546.0 460837.605447 
547.0 461649.880834 
548.0 461860.876341 
549.0 462551.449138 
550.0 463389.183899 
551.0 463979.079827 
552.0 464300.740834 
553.0 465099.116901 
554.0 465296.980846 
555.0 466239.657126 
556.0 466821.722514 
557.0 466958.763037 
558.0 467898.130169 
559.0 468183.068992 
560.0 469236.822509 
561.0 469424.740825 
562.0 470169.660517 
563.0 471003.381771 
564.0 471404.688882 
565.0 471852.080864 
566.0 472381.123401 
567.0 473313.717533 
568.0 473886.684878 
569.0 474141.532757 
570.0 474336.484801 
571.0 475789.785628 
572.0 475839.487645 
573.0 476287.636224 
574.0 476725.382891 
575.0 477285.292764 
576.0 478317.206454 
577.0 478947.047324 
578.0 479682.596193 
579.0 479768.922061 
580.0 480086.027006 
581.0 480603.516914 
582.0 481900.506781 
583.0 482744.95074 
584.0 483783.465668 
585.0 484608.935679 
586.0 485484.792211 
587.0 486125.444306 
588.0 486640.43889 
589.0 487186.710938 
590.0 487946.939775 
591.0 488207.943632 
592.0 489488.402367 
593.0 490923.04631 
594.0 491296.833544 
595.0 492382.290755 
596.0 492241.735077 
597.0 493272.294482 
598.0 493944.252095 
599.0 494566.536382 
600.0 495568.507045 
601.0 496479.609217 
602.0 496688.530336 
603.0 496992.54109 
604.0 498209.86682 
605.0 499494.638172 
606.0 499773.056905 
607.0 500944.33714 
608.0 500620.036529 
609.0 501597.150817 
610.0 502524.174005 
611.0 503611.303574 
612.0 504163.801557 
613.0 505299.760715 
614.0 506735.715041 
615.0 507282.281885 
616.0 508062.144818 
617.0 509294.368017 
618.0 509324.265451 
619.0 510679.112069 
620.0 511461.605139 
621.0 512817.314516 
622.0 513239.108316 
623.0 514606.449372 
624.0 515593.522761 
625.0 517315.50563 
626.0 517992.298612 
627.0 518834.062959 
628.0 519655.35578 
629.0 520684.185265 
630.0 521633.844906 
631.0 523222.639009 
632.0 523431.404115 
633.0 524509.436087 
634.0 525680.292812 
635.0 526384.793644 
636.0 527431.578651 
637.0 527811.120042 
638.0 529308.32838 
639.0 529740.52288 
640.0 530740.34044 
641.0 531417.708066 
642.0 532349.70482 
643.0 532956.228447 
644.0 534122.400318 
645.0 535198.843621 
646.0 535810.594967 
647.0 536386.144602 
648.0 538128.628078 
649.0 537970.035603 
650.0 539983.374729 
651.0 540321.963783 
652.0 541859.989969 
653.0 543616.594355 
654.0 544832.434667 
655.0 545855.00303 
656.0 547009.065213 
657.0 547344.207276 
658.0 549323.090729 
659.0 550695.045902 
660.0 552498.520492 
661.0 553562.353568 
662.0 555850.610717 
663.0 556645.377275 
664.0 557620.16659 
665.0 559114.889089 
666.0 559891.176255 
667.0 561066.517373 
668.0 562543.20229 
669.0 562832.731933 
670.0 563561.683901 
671.0 564505.074208 
672.0 564954.812179 
673.0 565811.043469 
674.0 567137.333415 
675.0 568358.628423 
676.0 568758.074131 
677.0 569337.531087 
678.0 570568.963147 
679.0 570593.717964 
680.0 572433.384083 
681.0 573781.916474 
682.0 573320.561024 
683.0 573488.214442 
684.0 574747.045668 
685.0 576883.260296 
686.0 576940.21212 
687.0 577127.526397 
688.0 577265.508714 
689.0 580031.99446 
690.0 579778.794618 
691.0 580341.563602 
692.0 581658.811198 
693.0 580709.762776 
694.0 583002.767048 
695.0 584953.661383 
696.0 586424.513997 
697.0 586117.944575 
698.0 588333.293161 
699.0 589561.57941 
700.0 590074.913722 
701.0 592314.734573 
702.0 593708.283806 
703.0 593021.596852 
704.0 595123.541009 
705.0 595802.711745 
706.0 598852.521577 
707.0 599188.899635 
708.0 600907.161513 
709.0 601302.108435 
710.0 602801.254474 
711.0 604289.565493 
712.0 606086.566717 
713.0 607550.539646 
714.0 607326.324525 
715.0 609949.437679 
716.0 609869.715951 
717.0 610905.767034 
718.0 611241.408201 
719.0 612494.919088 
720.0 616105.392995 
721.0 616566.04954 
722.0 616564.526559 
723.0 615687.694161 
724.0 617641.170051 
725.0 618704.762663 
726.0 620887.397457 
727.0 621450.577921 
728.0 623942.441734 
729.0 622017.702254 
730.0 622696.776092 
731.0 624907.520117 
732.0 626332.974548 
733.0 626501.79434 
734.0 628176.874037 
735.0 628600.758566 
736.0 631046.06161 
737.0 633065.725646 
738.0 634472.167366 
739.0 636542.883292 
740.0 637648.032143 
741.0 638869.026731 
742.0 641727.496502 
743.0 641313.761235 
744.0 643838.29602 
745.0 645172.866728 
746.0 645415.012339 
747.0 646889.802176 
748.0 649686.143155 
749.0 651031.444852 
750.0 653275.978686 
751.0 652977.035756 
752.0 653854.183992 
753.0 656298.584772 
754.0 656035.052446 
755.0 658535.456974 
756.0 659541.55142 
757.0 662153.45456 
758.0 660631.137668 
759.0 663946.344088 
760.0 662315.118829 
761.0 666455.461631 
762.0 667756.927817 
763.0 671048.902973 
764.0 673048.011426 
765.0 673956.523959 
766.0 673150.894824 
767.0 672720.989631 
768.0 674771.885369 
769.0 672086.009261 
770.0 673252.229679 
771.0 676680.018735 
772.0 680743.216492 
773.0 680165.814987 
774.0 680887.081669 
775.0 682030.574814 
776.0 680509.581783 
777.0 685740.944889 
778.0 685699.560854 
779.0 683805.348273 
780.0 685529.592654 
781.0 684269.100869 
782.0 684736.729526 
783.0 689526.956426 
784.0 685674.822529 
785.0 688121.034122 
786.0 686203.146851 
787.0 685593.913555 
788.0 688099.958068 
789.0 688712.142164 
790.0 689837.98063 
791.0 690363.765522 
792.0 693846.201446 
793.0 691205.216886 
794.0 693426.910472 
795.0 692946.011482 
796.0 692613.617845 
797.0 690645.450496 
798.0 695041.522427 
799.0 690031.169276 
800.0 693213.848662 
801.0 692903.907861 
802.0 689937.944739 
803.0 690811.50751 
804.0 692839.528457 
805.0 694130.3748 
806.0 695887.974129 
807.0 691260.853565 
808.0 696654.141924 
809.0 696837.36971 
810.0 698302.219361 
811.0 700373.261438 
812.0 692753.690762 
813.0 698634.947301 
814.0 705599.708675 
815.0 704002.914016 
816.0 695599.672916 
817.0 701345.3846 
818.0 707901.922099 
819.0 709901.402758 
820.0 713163.519735 
821.0 714690.637789 
822.0 715835.781519 
823.0 714642.531321 
824.0 717887.858703 
825.0 721727.205486 
826.0 724643.349379 
827.0 730622.594936 
828.0 740205.298694 
829.0 739550.199691 
830.0 738493.968463 
831.0 740035.191259 
832.0 743512.390475 
833.0 749862.50634 
834.0 744811.89512 
835.0 755961.160297 
836.0 757727.515172 
837.0 766434.991295 
838.0 761190.853469 
839.0 766330.042241 
840.0 754323.514677 
841.0 752210.442292 
842.0 750879.050408 
843.0 760873.697567 
844.0 757264.110025 
845.0 755594.860724 
846.0 756339.53285 
847.0 777839.315192 
848.0 761841.708976 
849.0 785393.063541 
850.0 768738.409797 
851.0 756894.600748 
852.0 780753.875357 
853.0 777200.305224 
854.0 764625.235432 
855.0 794345.156282 
856.0 779155.4008 
857.0 808496.132129 
858.0 823781.508071 
859.0 785170.050559 
860.0 812991.373237 
861.0 787952.679356 
862.0 840488.258307 
863.0 782789.906572 
864.0 796380.851822 
865.0 973440.159074 
866.0 563574.476196 
