2.0 34651736731.2 
3.0 16974271864.3 
4.0 7140346710.81 
5.0 3696873090.76 
6.0 1929648504.69 
7.0 1355131928.83 
8.0 861499705.947 
9.0 684836681.042 
10.0 557138206.212 
11.0 479398135.222 
12.0 432128340.366 
13.0 394175738.606 
14.0 359007237.65 
15.0 327055822.535 
16.0 292821594.425 
17.0 274277571.611 
18.0 241113971.679 
19.0 220659546.179 
20.0 200782262.879 
21.0 178857638.892 
22.0 160239743.615 
23.0 147162204.753 
24.0 132796789.264 
25.0 126672084.695 
26.0 115577502.124 
27.0 107045193.212 
28.0 97567287.9261 
29.0 92652217.9287 
30.0 84772784.0169 
31.0 79860243.2947 
32.0 74083299.5171 
33.0 71197139.169 
34.0 66797896.8552 
35.0 63978521.8847 
36.0 60060152.5778 
37.0 57512223.9428 
38.0 55127882.3069 
39.0 51377334.1548 
40.0 48619879.4181 
41.0 46964841.3494 
42.0 44270515.9251 
43.0 42277264.9772 
44.0 40251197.6299 
45.0 39009904.8402 
46.0 36903723.7317 
47.0 35845204.793 
48.0 34268338.3614 
49.0 33050499.3421 
50.0 31409363.1406 
51.0 30545121.9068 
52.0 29124142.8458 
53.0 28127458.1366 
54.0 27019184.4812 
55.0 26072712.6141 
56.0 24971873.0987 
57.0 24295486.1316 
58.0 23541382.1216 
59.0 22573313.3664 
60.0 22011121.4847 
61.0 21136384.409 
62.0 20515273.4343 
63.0 19967974.385 
64.0 19278502.5429 
65.0 18692600.8161 
66.0 18034241.9086 
67.0 17713952.0267 
68.0 17036871.3245 
69.0 16692229.594 
70.0 16144690.8718 
71.0 15721423.0316 
72.0 15259205.8546 
73.0 14820843.0194 
74.0 14411582.6274 
75.0 14095715.3207 
76.0 13693550.5085 
77.0 13340759.9682 
78.0 12947468.9054 
79.0 12704976.5943 
80.0 12446536.5659 
81.0 12145707.1278 
82.0 11805652.6225 
83.0 11568612.5157 
84.0 11246771.2865 
85.0 11038552.6492 
86.0 10741028.9572 
87.0 10500238.3034 
88.0 10264364.0211 
89.0 10106858.1657 
90.0 9782515.98233 
91.0 9589769.17575 
92.0 9381549.04006 
93.0 9165901.10064 
94.0 8984584.20487 
95.0 8852573.38572 
96.0 8664328.98603 
97.0 8493805.83991 
98.0 8311349.37788 
99.0 8146494.17801 
100.0 7981531.62798 
101.0 7814102.26641 
102.0 7630104.99938 
103.0 7525467.64695 
104.0 7346075.66045 
105.0 7223888.11397 
106.0 7135025.03936 
107.0 6985193.48603 
108.0 6827096.67153 
109.0 6773277.50293 
110.0 6573350.77036 
111.0 6513328.97004 
112.0 6341992.1276 
113.0 6270649.59779 
114.0 6176570.21824 
115.0 6061510.54772 
116.0 5950189.95846 
117.0 5858737.07937 
118.0 5733940.18086 
119.0 5678815.57894 
120.0 5586056.60991 
121.0 5494945.87607 
122.0 5391139.90131 
123.0 5317444.71071 
124.0 5214215.55025 
125.0 5140725.15263 
126.0 5044070.41571 
127.0 5012774.88234 
128.0 4892511.05866 
129.0 4838838.09929 
130.0 4754810.28268 
131.0 4702128.76011 
132.0 4624023.04225 
133.0 4556457.79249 
134.0 4482953.71656 
135.0 4441330.51447 
136.0 4362518.84166 
137.0 4310708.63475 
138.0 4252455.86075 
139.0 4175740.27674 
140.0 4128825.00885 
141.0 4073083.43871 
142.0 4014720.55981 
143.0 3974311.48979 
144.0 3914286.76014 
145.0 3873917.65682 
146.0 3797909.63824 
147.0 3771057.96113 
148.0 3700418.13997 
149.0 3663907.95027 
150.0 3604966.81102 
151.0 3585310.92302 
152.0 3528539.35122 
153.0 3487204.61784 
154.0 3430294.69161 
155.0 3395283.13019 
156.0 3355622.62363 
157.0 3313997.24677 
158.0 3272361.34308 
159.0 3233035.21195 
160.0 3190610.88808 
161.0 3167492.20911 
162.0 3118404.07718 
163.0 3086983.60561 
164.0 3049126.98166 
165.0 3012486.2515 
166.0 2978292.6545 
167.0 2950576.20517 
168.0 2907766.565 
169.0 2879719.98003 
170.0 2843356.98493 
171.0 2823487.62281 
172.0 2791858.68106 
173.0 2762472.43267 
174.0 2727333.9703 
175.0 2693476.641 
176.0 2667158.10832 
177.0 2642610.71181 
178.0 2617114.66124 
179.0 2582294.09843 
180.0 2557811.22407 
181.0 2530024.38488 
182.0 2510914.39859 
183.0 2480336.39353 
184.0 2454334.97337 
185.0 2439915.76427 
186.0 2406400.98716 
187.0 2384258.1366 
188.0 2353871.15606 
189.0 2347872.81331 
190.0 2311875.60917 
191.0 2296257.00967 
192.0 2270877.1098 
193.0 2247950.44921 
194.0 2225824.26039 
195.0 2202958.15698 
196.0 2182978.52497 
197.0 2167900.20285 
198.0 2150521.94358 
199.0 2121794.80824 
200.0 2104385.17162 
201.0 2091118.79472 
202.0 2067343.25888 
203.0 2051207.63485 
204.0 2029553.57116 
205.0 2016608.66929 
206.0 1990604.30867 
207.0 1980608.95298 
208.0 1958144.64908 
209.0 1944890.05633 
210.0 1928089.16303 
211.0 1909416.38005 
212.0 1894942.18383 
213.0 1878159.15386 
214.0 1859556.77746 
215.0 1851833.22948 
216.0 1832430.44088 
217.0 1814567.51411 
218.0 1804932.0361 
219.0 1787141.53138 
220.0 1776364.76609 
221.0 1760207.80126 
222.0 1742126.94198 
223.0 1731195.60719 
224.0 1713516.16852 
225.0 1705172.30764 
226.0 1687148.9063 
227.0 1678795.02847 
228.0 1665221.69462 
229.0 1651765.47992 
230.0 1640151.76823 
231.0 1632054.25551 
232.0 1615331.73082 
233.0 1601651.52874 
234.0 1591768.78495 
235.0 1580953.24945 
236.0 1566771.16593 
237.0 1560455.19982 
238.0 1545772.75374 
239.0 1538338.74499 
240.0 1521801.19025 
241.0 1511701.13116 
242.0 1501034.94441 
243.0 1491477.58782 
244.0 1479811.74216 
245.0 1470336.33796 
246.0 1460305.05733 
247.0 1453744.30288 
248.0 1437912.1737 
249.0 1435511.17168 
250.0 1422316.69002 
251.0 1414547.00742 
252.0 1404820.39837 
253.0 1396719.44747 
254.0 1386847.09086 
255.0 1375339.34436 
256.0 1368883.2532 
257.0 1361875.01029 
258.0 1351338.14672 
259.0 1339918.36282 
260.0 1335550.86924 
261.0 1322677.25089 
262.0 1314944.48085 
263.0 1310734.78864 
264.0 1298734.18791 
265.0 1292695.50708 
266.0 1283035.11423 
267.0 1279533.21921 
268.0 1270120.5538 
269.0 1260857.05695 
270.0 1254754.53801 
271.0 1248383.91854 
272.0 1238689.58648 
273.0 1234414.22725 
274.0 1224342.78327 
275.0 1218922.39494 
276.0 1211536.34429 
277.0 1204924.61416 
278.0 1201042.87188 
279.0 1192094.16262 
280.0 1186053.72452 
281.0 1179896.90201 
282.0 1171026.18705 
283.0 1166738.20097 
284.0 1159794.62898 
285.0 1154989.60298 
286.0 1144911.10399 
287.0 1144861.2212 
288.0 1134766.39264 
289.0 1131553.94897 
290.0 1122556.28108 
291.0 1118513.1934 
292.0 1113795.15733 
293.0 1108951.83384 
294.0 1101174.20147 
295.0 1096395.98542 
296.0 1090570.58127 
297.0 1087830.48011 
298.0 1080704.74536 
299.0 1074826.7796 
300.0 1070056.6459 
301.0 1067982.387 
302.0 1061662.12355 
303.0 1054543.21048 
304.0 1051014.52686 
305.0 1048135.96099 
306.0 1042250.49978 
307.0 1038394.51002 
308.0 1031929.95859 
309.0 1029957.59949 
310.0 1021529.34341 
311.0 1019168.37579 
312.0 1012892.77541 
313.0 1011657.73739 
314.0 1006073.06219 
315.0 999594.372619 
316.0 996282.804436 
317.0 993121.016784 
318.0 987597.089112 
319.0 982787.800366 
320.0 979994.210185 
321.0 977391.137087 
322.0 972164.917279 
323.0 966394.935013 
324.0 963505.430514 
325.0 961739.69799 
326.0 958113.587222 
327.0 953904.611493 
328.0 949132.141305 
329.0 945922.920244 
330.0 941734.606443 
331.0 938829.360721 
332.0 935328.65373 
333.0 931937.914467 
334.0 926825.015964 
335.0 926254.026124 
336.0 922301.418839 
337.0 918697.073235 
338.0 915965.951668 
339.0 912495.76434 
340.0 909784.53591 
341.0 905124.516614 
342.0 903639.744357 
343.0 900659.007931 
344.0 895633.887582 
345.0 896890.327809 
346.0 891206.007976 
347.0 889337.274431 
348.0 887454.774804 
349.0 883119.164225 
350.0 881945.003104 
351.0 878775.406778 
352.0 874906.858696 
353.0 873085.247411 
354.0 869740.217402 
355.0 869039.851313 
356.0 863001.786199 
357.0 862055.930709 
358.0 859422.564484 
359.0 857789.373125 
360.0 855606.581807 
361.0 850684.449295 
362.0 851523.232853 
363.0 847188.043365 
364.0 845997.329175 
365.0 844323.096554 
366.0 841254.784135 
367.0 840696.71427 
368.0 835428.554238 
369.0 835255.35782 
370.0 832488.893295 
371.0 831699.745713 
372.0 829574.337422 
373.0 825997.988985 
374.0 823662.984127 
375.0 822264.965295 
376.0 820928.886361 
377.0 820715.715443 
378.0 816314.808022 
379.0 815801.086844 
380.0 813021.180158 
381.0 811844.430919 
382.0 810363.49577 
383.0 808656.650552 
384.0 807077.715405 
385.0 805025.571096 
386.0 803359.246427 
387.0 802948.36888 
388.0 799550.763395 
389.0 799947.942629 
390.0 796272.383189 
391.0 796694.404367 
392.0 794023.546857 
393.0 792654.994445 
394.0 790655.159767 
395.0 790103.811866 
396.0 788023.232168 
397.0 786717.943363 
398.0 787012.695033 
399.0 784304.494109 
400.0 783854.403618 
401.0 781665.451318 
402.0 781101.110555 
403.0 780407.309544 
404.0 777791.142013 
405.0 777765.030283 
406.0 775263.358407 
407.0 775764.058401 
408.0 774242.268048 
409.0 771702.300769 
410.0 771988.120035 
411.0 770302.180633 
412.0 768294.746369 
413.0 769249.259044 
414.0 767793.685962 
415.0 767092.134183 
416.0 765565.083563 
417.0 765520.526855 
418.0 764046.217942 
419.0 763428.110865 
420.0 762805.998316 
421.0 761679.27498 
422.0 762017.064521 
423.0 760741.070921 
424.0 760632.85837 
425.0 760180.447869 
426.0 758278.319957 
427.0 758755.12337 
428.0 757670.095648 
429.0 757580.059222 
430.0 756660.787137 
431.0 756615.095138 
432.0 755869.101592 
433.0 755631.26012 
434.0 754875.841205 
435.0 754197.448687 
436.0 755049.20794 
437.0 754201.849259 
438.0 753022.411756 
439.0 753757.975894 
440.0 753060.155069 
441.0 753083.481306 
442.0 751992.932584 
443.0 752183.381674 
444.0 751646.847323 
445.0 750874.911383 
446.0 750802.176971 
447.0 751122.441231 
448.0 749780.90798 
449.0 751357.036928 
450.0 748275.203673 
451.0 749721.769025 
452.0 748706.49014 
453.0 749410.489262 
454.0 749498.936389 
455.0 749595.001806 
456.0 748991.461305 
457.0 748532.379879 
458.0 748736.644621 
459.0 749462.516656 
460.0 749111.357069 
461.0 750371.740811 
462.0 750375.406049 
463.0 750778.819748 
464.0 749750.766771 
465.0 750977.662296 
466.0 750567.670332 
467.0 751209.230901 
468.0 751708.221673 
469.0 751694.809664 
470.0 751749.008419 
471.0 752248.387036 
472.0 751814.008568 
473.0 752559.557214 
474.0 752332.436679 
475.0 752233.074962 
476.0 753337.933137 
477.0 753815.331378 
478.0 754305.225339 
479.0 754193.258747 
480.0 753715.455237 
481.0 755070.080264 
482.0 754353.901892 
483.0 755911.720661 
484.0 754479.960293 
485.0 756132.334857 
486.0 756142.460231 
487.0 756110.206725 
488.0 756877.378953 
489.0 757761.538575 
490.0 757254.516243 
491.0 758692.531707 
492.0 758105.560408 
493.0 758768.171442 
494.0 758829.128316 
495.0 760090.512917 
496.0 759984.85688 
497.0 761299.896258 
498.0 760717.253514 
499.0 762588.195899 
500.0 762971.159544 
501.0 617559.144189 
502.0 470104.604199 
503.0 469370.831818 
504.0 469518.681887 
505.0 469637.497651 
506.0 469393.275881 
507.0 469747.051287 
508.0 470924.012756 
509.0 470774.098877 
510.0 472036.941044 
511.0 472416.023313 
512.0 473016.184098 
513.0 473428.697844 
514.0 473680.21538 
515.0 474250.196919 
516.0 474879.707852 
517.0 475085.457987 
518.0 474881.811059 
519.0 475172.725626 
520.0 475178.898954 
521.0 474937.059644 
522.0 475488.63122 
523.0 475808.321351 
524.0 475459.068811 
525.0 475915.946411 
526.0 476125.788224 
527.0 476681.314919 
528.0 476737.935419 
529.0 476856.825861 
530.0 477467.330327 
531.0 477832.661806 
532.0 478536.450876 
533.0 478981.052703 
534.0 479950.115032 
535.0 480821.523529 
536.0 481660.371461 
537.0 482502.727594 
538.0 482912.999011 
539.0 483673.662858 
540.0 484011.461139 
541.0 484449.304704 
542.0 484877.138561 
543.0 485376.679167 
544.0 485752.276489 
545.0 486192.816515 
546.0 485496.025767 
547.0 486567.052152 
548.0 487333.952515 
549.0 487386.21851 
550.0 486749.843499 
551.0 487949.974209 
552.0 488136.305211 
553.0 488330.915791 
554.0 488843.335949 
555.0 489080.656889 
556.0 490435.887627 
557.0 490655.266545 
558.0 490872.102691 
559.0 492194.06566 
560.0 492768.335265 
561.0 493055.624094 
562.0 493516.701334 
563.0 493732.986362 
564.0 494910.971878 
565.0 494991.323155 
566.0 495458.178323 
567.0 495549.072553 
568.0 496308.630692 
569.0 496716.041381 
570.0 498164.080086 
571.0 498391.664227 
572.0 499053.521578 
573.0 498838.229485 
574.0 499735.967719 
575.0 501214.139477 
576.0 501086.003395 
577.0 502211.070014 
578.0 502776.782871 
579.0 504277.311777 
580.0 504847.942693 
581.0 505062.041959 
582.0 505767.774044 
583.0 506358.521285 
584.0 506587.405315 
585.0 506579.960895 
586.0 507778.527295 
587.0 508313.666347 
588.0 508078.761822 
589.0 509039.225737 
590.0 510096.997179 
591.0 511129.668828 
592.0 511415.864611 
593.0 513485.519276 
594.0 514238.088558 
595.0 515568.052987 
596.0 517463.928606 
597.0 519341.266758 
598.0 520924.982222 
599.0 522250.275746 
600.0 522965.615891 
601.0 523620.746036 
602.0 524158.873864 
603.0 524308.108858 
604.0 524541.743968 
605.0 525314.114084 
606.0 525749.370272 
607.0 526730.894818 
608.0 526287.657475 
609.0 526526.004075 
610.0 527221.459197 
611.0 527548.75841 
612.0 528163.542612 
613.0 527825.986587 
614.0 527286.835067 
615.0 527902.362652 
616.0 528926.331469 
617.0 529791.236069 
618.0 530640.691108 
619.0 531704.157478 
620.0 532647.464086 
621.0 532974.782754 
622.0 533757.740582 
623.0 535037.524066 
624.0 534832.128563 
625.0 535646.870378 
626.0 535583.140594 
627.0 536624.194945 
628.0 536018.865471 
629.0 536633.433542 
630.0 536634.752533 
631.0 538186.201693 
632.0 537906.070896 
633.0 538473.485545 
634.0 539381.052206 
635.0 539393.988986 
636.0 541097.914903 
637.0 542109.638812 
638.0 544315.023061 
639.0 545357.263774 
640.0 546638.518757 
641.0 548366.270911 
642.0 549063.45045 
643.0 551346.221663 
644.0 553008.702856 
645.0 554678.78021 
646.0 555329.610128 
647.0 556803.205127 
648.0 558128.967286 
649.0 558646.990573 
650.0 558898.092373 
651.0 560196.795614 
652.0 561134.360072 
653.0 562158.885982 
654.0 564210.63071 
655.0 565444.868766 
656.0 566654.935091 
657.0 568826.22515 
658.0 570519.314573 
659.0 572374.487528 
660.0 573682.879263 
661.0 574400.154201 
662.0 576145.946725 
663.0 577718.970668 
664.0 579484.273157 
665.0 581469.931029 
666.0 580905.199457 
667.0 582710.974306 
668.0 583423.465332 
669.0 585163.986329 
670.0 586127.435718 
671.0 587219.107017 
672.0 587148.903379 
673.0 589140.326361 
674.0 590901.046441 
675.0 592827.061514 
676.0 593985.877129 
677.0 595866.626099 
678.0 598096.902249 
679.0 599471.934273 
680.0 600002.82517 
681.0 602468.36445 
682.0 602887.587598 
683.0 604903.314739 
684.0 604645.252444 
685.0 604331.642734 
686.0 604862.778601 
687.0 604380.374842 
688.0 604853.02647 
689.0 606042.58928 
690.0 606859.197141 
691.0 607420.542519 
692.0 609957.993565 
693.0 610037.902319 
694.0 612418.533604 
695.0 614168.920015 
696.0 616130.999993 
697.0 618502.25821 
698.0 619695.843195 
699.0 620794.531785 
700.0 619020.575578 
701.0 618449.717776 
702.0 618284.714689 
703.0 617743.719181 
704.0 617502.852693 
705.0 615940.968871 
706.0 616486.991662 
707.0 613920.462644 
708.0 615114.556398 
709.0 616085.97514 
710.0 613623.746502 
711.0 612597.468695 
712.0 613995.688272 
713.0 614320.603994 
714.0 615093.130893 
715.0 615404.748178 
716.0 617041.473949 
717.0 617236.0073 
718.0 619603.480131 
719.0 619910.860563 
720.0 621763.801545 
721.0 623053.994714 
722.0 624141.358497 
723.0 626017.67326 
724.0 627682.180574 
725.0 627056.122541 
726.0 628654.09895 
727.0 628204.58001 
728.0 628469.172986 
729.0 630630.389446 
730.0 630433.565049 
731.0 631501.174195 
732.0 632259.235684 
733.0 632823.618052 
734.0 632807.535457 
735.0 633773.51208 
736.0 635154.55713 
737.0 638969.474685 
738.0 641653.139029 
739.0 642993.61361 
740.0 646934.679782 
741.0 650248.248044 
742.0 655403.148179 
743.0 658539.698943 
744.0 660055.640409 
745.0 663120.133179 
746.0 667674.553684 
747.0 670757.572068 
748.0 675861.382433 
749.0 680250.756053 
750.0 686582.631746 
751.0 688857.39012 
752.0 691955.457047 
753.0 692564.459243 
754.0 695918.145169 
755.0 699045.185825 
756.0 700594.929246 
757.0 702533.968977 
758.0 705047.189706 
759.0 703381.100876 
760.0 703340.60551 
761.0 704648.309126 
762.0 704447.915235 
763.0 708078.327127 
764.0 705080.528185 
765.0 706227.443709 
766.0 702848.933558 
767.0 705064.683346 
768.0 704640.093473 
769.0 703434.448077 
770.0 701967.919462 
771.0 699316.680059 
772.0 700269.282221 
773.0 701210.452641 
774.0 701351.326584 
775.0 703946.643497 
776.0 701442.705928 
777.0 704762.957447 
778.0 705892.518619 
779.0 707334.588131 
780.0 709315.297708 
781.0 709594.849804 
782.0 711540.95415 
783.0 713667.582893 
784.0 717558.17601 
785.0 719695.939714 
786.0 719986.691781 
787.0 724778.664937 
788.0 729325.748632 
789.0 735442.26969 
790.0 735917.331604 
791.0 740371.002507 
792.0 742101.813172 
793.0 744345.489476 
794.0 744121.859926 
795.0 745783.812961 
796.0 753402.125335 
797.0 750061.660178 
798.0 749905.642713 
799.0 750706.504554 
800.0 758421.469896 
801.0 754100.976783 
802.0 754493.478002 
803.0 757703.727535 
804.0 759919.300094 
805.0 758657.00721 
806.0 756784.129764 
807.0 757908.680045 
808.0 761001.875908 
809.0 760942.94049 
810.0 763939.36366 
811.0 758526.682295 
812.0 762906.786943 
813.0 757411.701975 
814.0 754472.767382 
815.0 756549.657968 
816.0 752511.772167 
817.0 751574.333539 
818.0 753949.075424 
819.0 743843.332375 
820.0 744957.260514 
821.0 743863.721228 
822.0 730442.589587 
823.0 733837.128259 
824.0 735623.069307 
825.0 735811.912751 
826.0 732764.922829 
827.0 737132.397529 
828.0 740703.963502 
829.0 742788.124435 
830.0 742893.481068 
831.0 742787.894662 
832.0 752485.095172 
833.0 733993.56263 
834.0 739710.492764 
835.0 752693.699197 
836.0 782642.891871 
837.0 761076.177285 
838.0 757905.820573 
839.0 754014.635095 
840.0 771198.320932 
841.0 759937.412996 
842.0 748676.868285 
843.0 729620.209141 
844.0 716666.692718 
845.0 698455.514432 
846.0 689953.374068 
847.0 668906.600316 
848.0 665810.319331 
849.0 643992.044411 
850.0 624616.64974 
851.0 613042.945365 
852.0 594129.042731 
853.0 585631.323215 
854.0 572477.174065 
855.0 577525.904522 
856.0 550429.181614 
857.0 542947.020498 
858.0 561382.778569 
859.0 562496.635106 
860.0 555521.691933 
861.0 541095.851784 
862.0 507645.308828 
863.0 554886.051281 
864.0 570160.791344 
865.0 614026.579479 
866.0 339852.198733 
