2.0 23713486306.0 
3.0 12717135640.4 
4.0 7292256162.08 
5.0 3968333624.72 
6.0 2213304669.41 
7.0 1413862083.1 
8.0 898269510.681 
9.0 647813114.764 
10.0 438388315.208 
11.0 350968173.809 
12.0 272984391.5 
13.0 229856939.095 
14.0 200974167.284 
15.0 183601451.922 
16.0 163574576.132 
17.0 157871609.721 
18.0 146148522.788 
19.0 138431090.924 
20.0 129703553.576 
21.0 123205495.034 
22.0 118505883.78 
23.0 110323411.993 
24.0 103563700.588 
25.0 98933713.5912 
26.0 91478481.1274 
27.0 86766656.6151 
28.0 79542930.8275 
29.0 76203763.4858 
30.0 71181326.8463 
31.0 67647091.0597 
32.0 62162466.0341 
33.0 59997048.599 
34.0 56458194.89 
35.0 53475849.7801 
36.0 50389875.7849 
37.0 47850749.0478 
38.0 45532643.0706 
39.0 42527658.5216 
40.0 40459422.3802 
41.0 38548443.9596 
42.0 36652001.2388 
43.0 34759705.5234 
44.0 33577063.2221 
45.0 32255507.8094 
46.0 30204651.5628 
47.0 29439688.3953 
48.0 28020176.9632 
49.0 27129079.4398 
50.0 25909101.4229 
51.0 25265668.9394 
52.0 24239706.6117 
53.0 23205636.1612 
54.0 22412108.8137 
55.0 21654297.9982 
56.0 20851414.7118 
57.0 20280140.532 
58.0 19399831.8512 
59.0 18678291.8441 
60.0 18150710.3746 
61.0 17473080.2711 
62.0 16926198.2132 
63.0 16610478.4164 
64.0 15929265.4448 
65.0 15494421.4743 
66.0 14834537.8705 
67.0 14596034.5391 
68.0 14237821.5475 
69.0 13783980.7583 
70.0 13371694.5617 
71.0 12957704.3608 
72.0 12609206.3234 
73.0 12285833.2744 
74.0 11853905.1165 
75.0 11672667.9506 
76.0 11277642.3781 
77.0 11063743.7316 
78.0 10810582.6645 
79.0 10532859.035 
80.0 10249230.4558 
81.0 9984074.06787 
82.0 9740786.83154 
83.0 9495451.47137 
84.0 9327250.41233 
85.0 9056425.99659 
86.0 8818874.9131 
87.0 8665818.336 
88.0 8432400.06121 
89.0 8317837.24647 
90.0 8065296.41279 
91.0 7896366.01124 
92.0 7753397.75998 
93.0 7539261.84299 
94.0 7396842.32763 
95.0 7271548.73655 
96.0 7102045.37306 
97.0 7017704.23436 
98.0 6795117.83785 
99.0 6688353.51765 
100.0 6581571.22085 
101.0 6449854.05376 
102.0 6291075.85574 
103.0 6213157.73567 
104.0 6088960.04144 
105.0 5940533.19291 
106.0 5860488.78437 
107.0 5764277.0792 
108.0 5643090.51377 
109.0 5559812.38306 
110.0 5442116.49854 
111.0 5370398.94449 
112.0 5257799.71713 
113.0 5175646.11472 
114.0 5060666.00715 
115.0 4990271.96586 
116.0 4906301.71438 
117.0 4819743.44668 
118.0 4746029.44769 
119.0 4678216.75682 
120.0 4599608.66072 
121.0 4504737.4732 
122.0 4431066.82959 
123.0 4369402.4694 
124.0 4301448.40551 
125.0 4230886.71088 
126.0 4169362.21679 
127.0 4127040.05688 
128.0 4037752.01619 
129.0 3995467.51845 
130.0 3915380.43207 
131.0 3872647.77344 
132.0 3802545.75029 
133.0 3758802.63114 
134.0 3685360.40397 
135.0 3654753.71986 
136.0 3594258.37087 
137.0 3548947.66377 
138.0 3489294.67858 
139.0 3453355.19304 
140.0 3397429.66294 
141.0 3354437.55309 
142.0 3311915.67393 
143.0 3275316.04907 
144.0 3222439.95236 
145.0 3184070.98153 
146.0 3133881.88302 
147.0 3102371.48377 
148.0 3054380.77899 
149.0 3012122.50511 
150.0 2972931.41967 
151.0 2932599.45144 
152.0 2885901.15917 
153.0 2855819.91868 
154.0 2818100.2446 
155.0 2792433.25277 
156.0 2746308.18251 
157.0 2727201.03946 
158.0 2683097.86227 
159.0 2664197.94246 
160.0 2626200.98846 
161.0 2595019.1361 
162.0 2563240.23922 
163.0 2532015.78379 
164.0 2509922.51694 
165.0 2479954.42911 
166.0 2451831.64579 
167.0 2426407.31739 
168.0 2394248.90909 
169.0 2377991.56967 
170.0 2340684.45677 
171.0 2316985.65171 
172.0 2291019.92094 
173.0 2264345.36448 
174.0 2243794.69601 
175.0 2212639.741 
176.0 2190835.62968 
177.0 2172445.95711 
178.0 2149932.26927 
179.0 2123457.23027 
180.0 2091693.44308 
181.0 2080212.45561 
182.0 2058003.39801 
183.0 2035586.34171 
184.0 2019987.77709 
185.0 1993283.11874 
186.0 1971447.60301 
187.0 1954183.45478 
188.0 1931638.23429 
189.0 1926443.71576 
190.0 1893965.68803 
191.0 1884712.79912 
192.0 1855613.40191 
193.0 1843640.0128 
194.0 1820691.57233 
195.0 1810354.79306 
196.0 1794581.15583 
197.0 1776421.6199 
198.0 1763433.39363 
199.0 1742209.41547 
200.0 1726289.34914 
201.0 1710867.9709 
202.0 1690571.24637 
203.0 1681424.89821 
204.0 1662068.18533 
205.0 1651214.31226 
206.0 1632742.64121 
207.0 1623952.32161 
208.0 1609136.12392 
209.0 1594298.74559 
210.0 1583439.45492 
211.0 1565848.37674 
212.0 1552941.96122 
213.0 1539464.89511 
214.0 1523450.0204 
215.0 1517893.08037 
216.0 1501597.93253 
217.0 1487460.68043 
218.0 1477055.57897 
219.0 1463571.60846 
220.0 1453305.04201 
221.0 1442385.73963 
222.0 1429085.0304 
223.0 1420591.87154 
224.0 1406571.39185 
225.0 1398941.05361 
226.0 1385503.8075 
227.0 1375599.68003 
228.0 1360001.24955 
229.0 1352916.81415 
230.0 1340619.27556 
231.0 1333866.10176 
232.0 1322571.14635 
233.0 1313455.80344 
234.0 1302862.62857 
235.0 1291397.21034 
236.0 1283327.55646 
237.0 1274819.5343 
238.0 1266282.19744 
239.0 1258115.44847 
240.0 1246526.64985 
241.0 1238543.2697 
242.0 1227054.73222 
243.0 1220365.54932 
244.0 1210137.01615 
245.0 1203144.05219 
246.0 1198168.70686 
247.0 1187782.70947 
248.0 1176222.17708 
249.0 1173483.38105 
250.0 1162642.62707 
251.0 1155963.01957 
252.0 1147620.29927 
253.0 1141180.04867 
254.0 1132693.88645 
255.0 1124947.58812 
256.0 1119484.00874 
257.0 1112220.02537 
258.0 1104590.2514 
259.0 1097704.04789 
260.0 1089534.38115 
261.0 1082606.48467 
262.0 1078394.16291 
263.0 1072757.48516 
264.0 1064442.88537 
265.0 1057018.86408 
266.0 1048560.41296 
267.0 1045424.89994 
268.0 1039030.48647 
269.0 1032028.70631 
270.0 1026152.97445 
271.0 1022179.59896 
272.0 1014136.89396 
273.0 1009620.60958 
274.0 1002385.78353 
275.0 997582.134335 
276.0 991371.403273 
277.0 984865.185335 
278.0 980843.593768 
279.0 973002.212164 
280.0 968375.696988 
281.0 963611.704206 
282.0 958675.012845 
283.0 952015.098416 
284.0 946709.287499 
285.0 943838.71219 
286.0 936960.458813 
287.0 934386.974218 
288.0 927491.609827 
289.0 924103.108163 
290.0 917973.902493 
291.0 913616.964851 
292.0 909252.236954 
293.0 904602.201014 
294.0 899747.648873 
295.0 896975.61754 
296.0 891653.140869 
297.0 887620.904255 
298.0 882434.491142 
299.0 878159.620078 
300.0 874679.394115 
301.0 871065.273563 
302.0 867966.360852 
303.0 861928.693026 
304.0 858501.092691 
305.0 853078.22046 
306.0 849663.645429 
307.0 848069.527511 
308.0 841948.645131 
309.0 840550.209971 
310.0 834687.064739 
311.0 833348.546459 
312.0 827313.074312 
313.0 824467.945182 
314.0 820270.185408 
315.0 816699.485022 
316.0 814164.690635 
317.0 811745.041636 
318.0 806991.159896 
319.0 805395.635252 
320.0 801353.158214 
321.0 798662.568121 
322.0 794723.429136 
323.0 790888.034776 
324.0 787977.695059 
325.0 785677.131739 
326.0 781712.735511 
327.0 778171.523414 
328.0 775671.542717 
329.0 773583.520702 
330.0 769246.954316 
331.0 767195.960043 
332.0 765355.619828 
333.0 761892.560564 
334.0 757700.00567 
335.0 757616.689099 
336.0 752529.594366 
337.0 750982.166307 
338.0 747559.812557 
339.0 744929.178279 
340.0 742340.614574 
341.0 739690.525383 
342.0 737882.050346 
343.0 737904.735824 
344.0 732443.963632 
345.0 732449.002067 
346.0 726731.297428 
347.0 726298.894416 
348.0 723461.980669 
349.0 721247.320024 
350.0 719005.623535 
351.0 716727.119232 
352.0 713967.924003 
353.0 712951.961634 
354.0 710045.278662 
355.0 708518.978014 
356.0 706359.727065 
357.0 704859.514248 
358.0 702998.442136 
359.0 699983.308486 
360.0 698355.966462 
361.0 695672.391677 
362.0 695182.808497 
363.0 692655.306227 
364.0 691067.142712 
365.0 690248.302207 
366.0 687255.357589 
367.0 687400.574542 
368.0 683972.378393 
369.0 683645.71456 
370.0 679912.499045 
371.0 679163.524023 
372.0 677348.975439 
373.0 675631.946784 
374.0 673720.903364 
375.0 672853.52317 
376.0 670898.448404 
377.0 670349.203962 
378.0 666972.457146 
379.0 666409.243062 
380.0 664717.416007 
381.0 664030.747122 
382.0 663439.612402 
383.0 661842.831935 
384.0 659264.577433 
385.0 659454.072378 
386.0 657553.51637 
387.0 656956.538699 
388.0 654918.011122 
389.0 653950.993543 
390.0 652668.686246 
391.0 651631.507194 
392.0 649557.345045 
393.0 648887.385295 
394.0 648568.518943 
395.0 647981.637159 
396.0 646253.059362 
397.0 645427.083008 
398.0 643580.119501 
399.0 642441.823175 
400.0 642474.647627 
401.0 641486.311624 
402.0 639663.245482 
403.0 639306.599398 
404.0 638317.65856 
405.0 637341.980373 
406.0 635823.748303 
407.0 636392.979847 
408.0 635216.204814 
409.0 633911.19765 
410.0 633980.726185 
411.0 632391.315907 
412.0 631361.393299 
413.0 631141.991559 
414.0 630911.410942 
415.0 629784.227164 
416.0 628520.111218 
417.0 629190.408613 
418.0 628475.674374 
419.0 626680.188623 
420.0 626664.623782 
421.0 625809.840583 
422.0 625765.203607 
423.0 624569.090889 
424.0 624690.673752 
425.0 624126.025129 
426.0 622813.000918 
427.0 623007.503513 
428.0 621997.146083 
429.0 622148.849092 
430.0 621500.656116 
431.0 621266.047638 
432.0 620003.482087 
433.0 619838.219516 
434.0 619764.661876 
435.0 619260.959507 
436.0 619392.08196 
437.0 618847.122505 
438.0 618563.147222 
439.0 618674.055604 
440.0 617373.078554 
441.0 617921.77412 
442.0 617933.938143 
443.0 617483.960834 
444.0 617804.370491 
445.0 617304.434572 
446.0 616692.935695 
447.0 616835.287058 
448.0 616324.660181 
449.0 617058.601389 
450.0 615323.59044 
451.0 616350.893466 
452.0 615462.528712 
453.0 615955.75722 
454.0 616123.570323 
455.0 615750.383288 
456.0 615872.171356 
457.0 615858.287777 
458.0 616079.869279 
459.0 615381.127303 
460.0 615717.731154 
461.0 616202.730457 
462.0 615744.623639 
463.0 615805.583364 
464.0 615542.443464 
465.0 616599.942934 
466.0 615846.185594 
467.0 616316.557996 
468.0 616360.921425 
469.0 616415.939925 
470.0 616802.793265 
471.0 617937.774886 
472.0 617114.252622 
473.0 617945.106652 
474.0 618528.849844 
475.0 618292.432879 
476.0 619201.623514 
477.0 619468.546352 
478.0 619614.538009 
479.0 620262.610171 
480.0 620235.960446 
481.0 620722.133031 
482.0 621040.839067 
483.0 621771.964894 
484.0 621100.223996 
485.0 622672.938534 
486.0 622883.055349 
487.0 623604.21165 
488.0 624027.850739 
489.0 624579.24873 
490.0 624859.063361 
491.0 626391.991649 
492.0 626139.013096 
493.0 626991.055655 
494.0 626785.800984 
495.0 628486.386082 
496.0 627869.358314 
497.0 629783.712181 
498.0 629866.903253 
499.0 631655.016164 
500.0 631598.629786 
501.0 538176.471726 
502.0 443692.092138 
503.0 442863.486331 
504.0 443341.95344 
505.0 443419.005641 
506.0 443059.012321 
507.0 443528.770977 
508.0 443203.122565 
509.0 443603.083172 
510.0 444208.838143 
511.0 444419.554494 
512.0 444178.602343 
513.0 444132.234481 
514.0 444442.64696 
515.0 444238.556776 
516.0 444383.184412 
517.0 444257.609562 
518.0 444658.313132 
519.0 445284.608114 
520.0 445504.902102 
521.0 445697.287824 
522.0 445676.709975 
523.0 446419.345374 
524.0 446557.858433 
525.0 446659.702531 
526.0 447286.53316 
527.0 447766.884411 
528.0 447560.311664 
529.0 448244.807907 
530.0 448828.096213 
531.0 448714.067246 
532.0 449273.878718 
533.0 449959.126888 
534.0 450630.757889 
535.0 451150.950178 
536.0 451560.739119 
537.0 452782.403798 
538.0 452736.857756 
539.0 452971.984248 
540.0 453504.621485 
541.0 454143.41123 
542.0 454440.014455 
543.0 455115.187196 
544.0 455557.345702 
545.0 455889.363735 
546.0 456495.882641 
547.0 456687.293976 
548.0 457640.712117 
549.0 457816.798807 
550.0 458703.197801 
551.0 459139.20451 
552.0 459605.25306 
553.0 459846.900616 
554.0 460285.156499 
555.0 460948.724601 
556.0 461219.646826 
557.0 461914.45805 
558.0 462352.68446 
559.0 462813.4583 
560.0 463459.327406 
561.0 464033.845275 
562.0 464463.426729 
563.0 465425.980794 
564.0 466384.825965 
565.0 466216.720663 
566.0 467833.41166 
567.0 467961.448237 
568.0 468833.457746 
569.0 469051.11234 
570.0 470303.283356 
571.0 470667.722896 
572.0 471087.72615 
573.0 472082.864434 
574.0 472355.088284 
575.0 472260.604397 
576.0 473708.690414 
577.0 474429.570729 
578.0 475347.693001 
579.0 476056.062566 
580.0 476363.395862 
581.0 477168.273476 
582.0 477999.087499 
583.0 478669.697472 
584.0 478985.889685 
585.0 479508.246064 
586.0 480522.092893 
587.0 480782.900925 
588.0 481749.542734 
589.0 482565.636539 
590.0 483082.364333 
591.0 483727.296286 
592.0 484873.162239 
593.0 485150.090789 
594.0 486259.581658 
595.0 486654.685119 
596.0 487578.039149 
597.0 488155.784218 
598.0 488408.578943 
599.0 488572.349174 
600.0 489150.66071 
601.0 489497.63655 
602.0 490405.455125 
603.0 491487.66739 
604.0 492038.880691 
605.0 492601.273251 
606.0 493468.111655 
607.0 494248.89772 
608.0 495140.832032 
609.0 495665.927407 
610.0 496456.25149 
611.0 497020.250314 
612.0 498121.007908 
613.0 499043.665233 
614.0 500247.542685 
615.0 501071.798975 
616.0 501717.740719 
617.0 502713.847706 
618.0 502781.006891 
619.0 503244.717906 
620.0 504115.948362 
621.0 505382.245061 
622.0 506511.855588 
623.0 506872.061535 
624.0 507253.258006 
625.0 508712.643834 
626.0 509363.56505 
627.0 509993.839288 
628.0 511084.706092 
629.0 512359.595576 
630.0 512745.780974 
631.0 514387.37998 
632.0 515024.048559 
633.0 515292.334011 
634.0 515087.647432 
635.0 517256.280636 
636.0 518166.848522 
637.0 518060.713878 
638.0 518405.594104 
639.0 519312.146306 
640.0 519752.18235 
641.0 520534.834829 
642.0 520853.47519 
643.0 521298.502197 
644.0 522196.039788 
645.0 522934.200238 
646.0 524028.001142 
647.0 525908.964354 
648.0 525739.682317 
649.0 527294.314841 
650.0 527487.22235 
651.0 528999.886803 
652.0 529616.760179 
653.0 531624.14875 
654.0 531651.651537 
655.0 533031.942414 
656.0 533204.9861 
657.0 535607.177995 
658.0 536572.544749 
659.0 538002.294421 
660.0 538369.542878 
661.0 539513.37707 
662.0 539840.392758 
663.0 541140.104686 
664.0 542398.925208 
665.0 543374.540149 
666.0 544232.764743 
667.0 544380.899854 
668.0 545122.520097 
669.0 546590.366052 
670.0 548152.995974 
671.0 549366.870226 
672.0 548558.141789 
673.0 550206.273266 
674.0 551136.310751 
675.0 552160.201635 
676.0 554045.160204 
677.0 555240.795336 
678.0 556295.270432 
679.0 557429.86857 
680.0 558614.875561 
681.0 558976.953805 
682.0 560663.805882 
683.0 563028.816704 
684.0 563659.245821 
685.0 565570.430035 
686.0 567812.652398 
687.0 567726.232694 
688.0 569201.93027 
689.0 571298.110857 
690.0 572349.88324 
691.0 573555.350586 
692.0 573676.980972 
693.0 575145.611156 
694.0 576236.879765 
695.0 577695.440219 
696.0 579163.452531 
697.0 579675.457273 
698.0 582240.710919 
699.0 584574.740427 
700.0 586409.902464 
701.0 587762.716504 
702.0 588736.074447 
703.0 588953.946557 
704.0 590634.77653 
705.0 590309.380316 
706.0 592892.646129 
707.0 595087.680161 
708.0 595977.139475 
709.0 596166.713509 
710.0 598125.040771 
711.0 599902.149367 
712.0 600118.197619 
713.0 600234.095763 
714.0 601826.249218 
715.0 602848.704241 
716.0 602674.151743 
717.0 605018.61727 
718.0 604906.942028 
719.0 607554.764954 
720.0 607623.686529 
721.0 610214.887287 
722.0 610762.749007 
723.0 610982.962807 
724.0 611233.74845 
725.0 612416.86901 
726.0 615009.591849 
727.0 616240.415646 
728.0 617997.015868 
729.0 619244.829104 
730.0 620414.403846 
731.0 619858.512108 
732.0 622181.031344 
733.0 621805.162247 
734.0 621219.792971 
735.0 624258.33292 
736.0 623961.414495 
737.0 624861.491579 
738.0 628562.408484 
739.0 630676.758864 
740.0 629701.325621 
741.0 630292.538099 
742.0 630701.787302 
743.0 632366.717687 
744.0 632457.318541 
745.0 633417.987 
746.0 635412.712712 
747.0 635124.898372 
748.0 637385.015162 
749.0 639272.225859 
750.0 637471.65253 
751.0 639986.124232 
752.0 643351.403596 
753.0 644567.158258 
754.0 645428.956344 
755.0 646317.212412 
756.0 645929.085516 
757.0 646934.874933 
758.0 649495.636594 
759.0 650804.077476 
760.0 650871.955034 
761.0 653365.931283 
762.0 654493.664666 
763.0 655211.755079 
764.0 656476.607395 
765.0 658919.223982 
766.0 658058.859722 
767.0 661222.715755 
768.0 663875.604346 
769.0 661811.361148 
770.0 664512.12236 
771.0 666769.862263 
772.0 667366.686286 
773.0 671399.184037 
774.0 672004.240696 
775.0 671020.803463 
776.0 673242.63252 
777.0 677020.125163 
778.0 677401.417296 
779.0 682258.018722 
780.0 682377.677302 
781.0 685132.652968 
782.0 684949.4739 
783.0 687666.4362 
784.0 689126.84682 
785.0 692105.081166 
786.0 690398.332654 
787.0 692620.1196 
788.0 693812.871576 
789.0 697859.358215 
790.0 700053.087819 
791.0 701706.630043 
792.0 698089.460638 
793.0 702378.627523 
794.0 700397.262823 
795.0 702196.152856 
796.0 703916.084466 
797.0 711990.92764 
798.0 708996.582347 
799.0 713605.964084 
800.0 713985.017624 
801.0 713338.012808 
802.0 714846.385148 
803.0 715127.520459 
804.0 721294.419526 
805.0 726376.469342 
806.0 722010.252135 
807.0 725774.47097 
808.0 731519.854484 
809.0 733080.573036 
810.0 731863.657502 
811.0 736267.122648 
812.0 737176.67144 
813.0 743003.214933 
814.0 738600.180109 
815.0 741771.770306 
816.0 741736.633286 
817.0 740350.654466 
818.0 749189.381884 
819.0 748612.199951 
820.0 745434.252029 
821.0 742948.3814 
822.0 751977.966538 
823.0 756664.829674 
824.0 755499.012403 
825.0 752262.792092 
826.0 758228.19501 
827.0 766685.385749 
828.0 759238.858121 
829.0 762467.901016 
830.0 758782.188888 
831.0 765432.573788 
832.0 758165.141884 
833.0 762917.872058 
834.0 785350.18105 
835.0 789016.616569 
836.0 774917.721295 
837.0 788289.154176 
838.0 781725.940948 
839.0 806937.432515 
840.0 793077.628985 
841.0 809180.962256 
842.0 814494.77477 
843.0 826603.520852 
844.0 829234.159199 
845.0 839324.040851 
846.0 844138.946777 
847.0 870465.205504 
848.0 850754.591623 
849.0 868201.510379 
850.0 888638.014065 
851.0 879754.071474 
852.0 895685.09664 
853.0 911727.476845 
854.0 948974.240399 
855.0 976058.519179 
856.0 981026.849392 
857.0 1019147.80086 
858.0 1051374.01042 
859.0 1139216.23443 
860.0 1158959.43701 
861.0 1280638.55019 
862.0 1286764.704 
863.0 1395728.52914 
864.0 1246344.14013 
865.0 1395825.65782 
866.0 1058974.06991 
