1 0.330329340794 9.55341599921
1 0.562972267087 9.55347332856
1 0.69796144859 9.55350199323
1 1.07221828875 9.55355932257
1 1.34299372147 9.55361665192
1 1.65190001626 9.55367398126
1 1.75573801543 9.55370264594
1 1.89431738266 9.55375997528
1 2.02602925024 9.55381730463
1 2.14181355347 9.55387463397
1 2.21666421288 9.55390329865
1 2.4188115977 9.55396062799
2 2.71222449226 9.55401795734
2 3.01007411441 9.55407528668
3 3.29744000967 9.55410395136
4 3.88563589966 9.5541612807
4 4.20868421249 9.55421861005
7 5.16379791731 9.55427593939
8 5.50862671273 9.55430460406
6 6.00589437529 9.55436193341
6 6.30719698446 9.55441926276
6 6.67983065911 9.5544765921
5 6.96762884129 9.55450525677
4 7.41981973542 9.55456258612
4 7.84163844166 9.55461991546
4 8.39220889137 9.55467724481
4 8.60496590815 9.55470590948
4 8.95298413175 9.55476323883
4 9.21865108317 9.55482056817
4 9.72947367896 9.55487789752
4 9.95116584065 9.55490656219
4 10.3106198074 9.55496389154
3 10.4800825583 9.55502122088
3 10.7047182689 9.55507855023
3 10.8220798469 9.5551072149
3 11.139820884 9.55516454425
3 11.4648663957 9.55522187359
3 11.6731275497 9.55525053827
3 12.0415884694 9.55530786761
3 12.5520960982 9.55536519696
3 13.2356804132 9.5554225263
3 13.5179755241 9.55545119097
3 14.0259075725 9.55550852032
3 14.3566308342 9.55556584967
3 14.6711872338 9.55562317901
3 14.8076792088 9.55565184368
3 15.1262047855 9.55570917303
3 15.6299154044 9.55576650237
3 16.0689142251 9.55582383172
3 16.2237293363 9.55585249639
3 16.5314097608 9.55590982574
3 16.7521808897 9.55596715508
3 17.0057613042 9.55602448443
3 17.1229745079 9.5560531491
3 17.4243911136 9.55611047845
3 17.711741818 9.55616780779
3 17.9097325552 9.55622513714
3 18.1125605378 9.55625380181
3 18.3522186937 9.55631113116
3 18.5403931047 9.5563684605
3 18.817692089 9.55642578985
3 18.9785248604 9.55645445452
3 19.2364329277 9.55651178387
3 19.502488531 9.55656911321
3 19.787604851 9.55662644256
3 19.9114089795 9.55665510723
3 20.1804872296 9.55671243658
3 20.468174505 9.55676976592
3 20.7018622549 9.55682709527
3 20.8259334074 9.55685575994
3 21.0873817666 9.55691308928
3 21.3151351256 9.55697041863
3 21.51185633 9.55702774798
3 21.675004878 9.55705641265
3 21.9055241945 9.55711374199
3 22.1208455407 9.55717107134
3 22.3088521221 9.55722840068
3 22.4088225163 9.55725706536
3 22.6474002798 9.5573143947
3 22.8735780589 9.55737172405
3 22.9599761292 9.55740038872
3 23.1499131646 9.55745771807
3 23.366628914 9.55751504741
3 23.5581967048 9.55757237676
3 23.6408671347 9.55760104143
3 23.8577057744 9.55765837078
3 24.0391678669 9.55771570012
3 24.2257324469 9.55777302947
3 24.3108833074 9.55780169414
3 24.5029044266 9.55785902349
3 24.6778379417 9.55791635283
3 24.874197215 9.55797368218
3 24.9554098791 9.55800234685
3 25.1040534284 9.55805967619
3 25.2766684979 9.55811700554
3 25.4417534156 9.55817433489
3 25.5363314483 9.55820299956
3 25.7995729862 9.5582603289
3 26.0355527697 9.55831765825
3 26.2938550681 9.55837498759
3 26.3793607827 9.55840365227
3 26.5597138881 9.55846098161
3 26.6878816413 9.55851831096
3 26.8249691173 9.5585756403
3 26.8911659471 9.55860430498
3 27.1369026131 9.55866163432
3 27.276531369 9.55871896367
3 27.4011785592 9.55877629301
3 27.479486365 9.55880495769
3 27.6466438865 9.55886228703
3 27.8637327778 9.55891961638
3 28.0778519997 9.55897694572
3 28.2189040178 9.5590056104
3 28.5279171785 9.55906293974
3 28.9125749671 9.55912026909
3 29.2207883867 9.55917759843
3 29.3688972229 9.5592062631
3 29.5848147953 9.55926359245
3 29.7771213252 9.5593209218
3 29.9370239464 9.55937825114
3 30.0098001132 9.55940691581
3 30.1015542316 9.55946424516
3 30.2032101176 9.5595215745
3 30.2643776751 9.55955023918
3 30.4949424506 9.55960756852
3 30.7046654987 9.55966489787
3 31.0498446258 9.55972222721
3 31.1775346696 9.55975089189
3 31.4619608367 9.55980822123
3 31.6869133226 9.55986555058
3 31.8767164017 9.55992287992
3 31.9422357812 9.5599515446
5 32.2683665295 9.56000887394
6 33.0480089506 9.56006620329
6 33.4942124644 9.56012353263
6 33.6906684183 9.56015219731
6 33.9209493556 9.56020952665
1 0.153458886661 9.56367795205
1 0.193807371378 9.56370661673
1 0.251497112465 9.56376394607
1 0.294484364309 9.56382127542
1 0.332060252986 9.56387860476
1 0.350320393611 9.56390726944
1 0.385193913032 9.56396459878
1 0.417991082846 9.56402192813
1 0.433878448143 9.5640505928
1 0.462992575654 9.56410792214
1 0.489788056433 9.56416525149
1 0.514056718702 9.56422258084
1 0.525516249824 9.56425124551
1 0.546261228176 9.56430857485
1 0.564561121098 9.5643659042
1 0.582380123905 9.56442323354
1 0.590539903282 9.56445189822
1 0.606157019949 9.56450922756
1 0.621352862362 9.56456655691
1 0.636338539402 9.56462388625
1 0.643626312253 9.56465255093
1 0.658564300843 9.56470988027
1 0.673811892509 9.56476720962
1 0.690696552883 9.56482453896
1 0.699328882463 9.56485320364
1 0.71582762796 9.56491053298
1 0.73312822536 9.56496786233
1 0.751598081699 9.56502519167
1 0.76014739048 9.56505385634
