1 0.0838056898658 9.55361665192
1 0.445651654923 9.55367398126
1 0.534337581833 9.55370264594
1 1.23599563894 9.55375997528
1 2.02718888602 9.55381730463
1 2.82857986481 9.55387463397
1 2.96846057287 9.55390329865
1 3.14317616739 9.55396062799
1 3.29732518807 9.55401795734
1 3.45975476908 9.55407528668
1 3.53453766706 9.55410395136
1 3.66514475596 9.5541612807
1 3.79830096024 9.55421861005
1 3.9360961932 9.55427593939
1 3.9996616888 9.55430460406
1 4.13558330429 9.55436193341
1 4.2498526429 9.55441926276
2 4.94927479104 9.5544765921
2 5.18816663442 9.55450525677
3 5.50443063365 9.55456258612
5 6.41192706988 9.55467724481
5 6.48593174347 9.55470590948
5 6.70732362961 9.55476323883
5 7.03313993282 9.55482056817
6 7.32553857383 9.55487789752
6 7.53443984528 9.55490656219
7 8.16568289272 9.55496389154
6 8.57613209692 9.55502122088
6 8.72099598048 9.55507855023
6 8.86049372913 9.5551072149
6 9.16941678986 9.55516454425
6 9.51390329333 9.55522187359
6 9.62921014513 9.55525053827
6 9.85164840299 9.55530786761
6 10.1912259527 9.55536519696
6 10.4317458125 9.5554225263
6 10.5519813351 9.55545119097
7 10.8458675881 9.55550852032
8 11.3434629002 9.55556584967
6 11.906421645 9.55562317901
6 12.0620972489 9.55565184368
6 12.5832568787 9.55570917303
6 12.9466148413 9.55576650237
6 13.1034137013 9.55582383172
6 13.1820099478 9.55585249639
6 13.3106957653 9.55590982574
8 13.5337201823 9.55596715508
9 13.9522012236 9.55602448443
8 14.3717009318 9.5560531491
7 14.7165745312 9.55611047845
7 14.9339980534 9.55616780779
7 15.0746190616 9.55622513714
7 15.1269777543 9.55625380181
8 15.2936813376 9.55631113116
8 15.8726144881 9.5563684605
