1 0.71781618012 9.55387463397
1 1.11628565597 9.55390329865
1 1.78004283006 9.55396062799
1 2.15428066116 9.55401795734
1 2.32122518452 9.55407528668
1 2.40039061615 9.55410395136
1 2.51834305029 9.5541612807
1 2.64915075906 9.55421861005
1 2.81889277496 9.55427593939
1 2.93407040478 9.55430460406
1 3.18693244633 9.55436193341
2 3.94802584162 9.55441926276
1 4.27030059979 9.5544765921
1 4.37022735373 9.55450525677
1 4.57877165029 9.55456258612
1 5.14482358297 9.55461991546
1 5.88162412482 9.55467724481
1 6.21110218252 9.55470590948
1 6.84024926732 9.55476323883
1 7.33915501555 9.55482056817
1 7.83055602037 9.55487789752
1 8.08182368777 9.55490656219
1 8.5090877173 9.55496389154
1 9.17024601797 9.55502122088
1 9.59024980889 9.55507855023
1 9.83172800432 9.5551072149
1 10.304746256 9.55516454425
1 10.6915004694 9.55522187359
1 10.9141907658 9.55525053827
1 11.3713165259 9.55530786761
1 11.8245872698 9.55536519696
1 12.2006520952 9.5554225263
1 12.3843228635 9.55545119097
1 12.8100207132 9.55550852032
1 13.1849582087 9.55556584967
1 13.5206510641 9.55562317901
1 13.6916923008 9.55565184368
1 13.962410384 9.55570917303
1 14.2316420087 9.55576650237
1 14.4564748321 9.55582383172
1 14.566294137 9.55585249639
1 14.7685335584 9.55590982574
1 14.9756576196 9.55596715508
1 15.1575640936 9.55602448443
1 15.2420830523 9.5560531491
1 15.4124061637 9.55611047845
1 15.5734586897 9.55616780779
1 15.7471664693 9.55622513714
1 15.826424478 9.55625380181
1 16.0108041061 9.55631113116
1 16.1747434747 9.5563684605
1 16.311502062 9.55642578985
1 16.3914834517 9.55645445452
1 16.5226168898 9.55651178387
1 16.7010832177 9.55656911321
1 16.8969942168 9.55662644256
1 17.0252656433 9.55665510723
1 17.3348840938 9.55671243658
1 17.5559342882 9.55676976592
1 17.7713851512 9.55682709527
1 17.8697598996 9.55685575994
1 18.0240379545 9.55691308928
1 18.2115902458 9.55697041863
1 18.3716583881 9.55702774798
1 18.4467901612 9.55705641265
1 18.5947211252 9.55711374199
1 18.7524699064 9.55717107134
1 18.8925259872 9.55722840068
1 18.9779742783 9.55725706536
1 19.1383905747 9.5573143947
1 19.2761190158 9.55737172405
1 19.3526091198 9.55740038872
1 19.4963167972 9.55745771807
1 19.6309800457 9.55751504741
1 19.7572740524 9.55757237676
1 19.8198859206 9.55760104143
1 19.959786553 9.55765837078
1 20.0620153477 9.55771570012
1 20.1736861433 9.55777302947
1 20.2370563004 9.55780169414
1 20.3414103405 9.55785902349
1 20.4429166723 9.55791635283
1 20.5424476826 9.55797368218
1 20.5873529819 9.55800234685
1 20.6753116504 9.55805967619
1 20.7640872336 9.55811700554
1 20.854220565 9.55817433489
1 20.9026427827 9.55820299956
1 20.9856195329 9.5582603289
1 21.0817316782 9.55831765825
1 21.1794919705 9.55837498759
1 21.2236477651 9.55840365227
1 21.308728879 9.55846098161
1 21.3932676602 9.55851831096
1 21.4735927095 9.5585756403
1 21.5274587651 9.55860430498
1 21.6255743308 9.55866163432
1 21.7188208305 9.55871896367
1 21.7961001049 9.55877629301
1 21.8297216837 9.55880495769
1 21.9020959761 9.55886228703
1 21.9970119716 9.55891961638
1 22.0979812917 9.55897694572
1 22.1525624822 9.5590056104
1 22.2365143647 9.55906293974
1 22.3233656966 9.55912026909
1 22.4302835201 9.55917759843
1 22.4813527799 9.5592062631
1 22.5873139547 9.55926359245
1 22.6911519446 9.5593209218
1 22.7824221259 9.55937825114
1 22.8224999363 9.55940691581
1 22.9170003116 9.55946424516
1 23.0051082728 9.5595215745
1 23.0596816707 9.55955023918
1 23.1454405951 9.55960756852
1 23.23650515 9.55966489787
1 23.3346822316 9.55972222721
1 23.3685308504 9.55975089189
1 23.4557324299 9.55980822123
1 23.5476482483 9.55986555058
2 23.8337717051 9.55992287992
2 23.8874506705 9.5599515446
2 24.0015157737 9.56000887394
3 24.6447659769 9.56006620329
4 25.2584183891 9.56012353263
5 25.6912813776 9.56015219731
6 27.5345935342 9.56020952665
6 28.3575999382 9.560266856
8 29.73518974 9.56032418534
8 30.0155800365 9.56035285001
8 30.6759151599 9.56041017936
9 31.7083467646 9.56046750871
8 32.2275371354 9.56052483805
8 32.5113853135 9.56055350272
7 32.8963726665 9.56061083207
7 33.2213487745 9.56066816141
7 33.4373866478 9.56072549076
7 33.5751769664 9.56075415543
7 33.8284728891 9.56081148478
7 34.0657786472 9.56086881412
6 34.2622994227 9.56092614347
6 34.3584161812 9.56095480814
6 34.6438242237 9.56101213749
6 34.9382375581 9.56106946683
7 35.4376545944 9.56112679618
7 35.6425612918 9.56115546085
7 36.0099465572 9.5612127902
7 36.3541265876 9.56127011954
7 36.6819727622 9.56132744889
7 36.8376838702 9.56135611356
6 37.1851016236 9.56141344291
6 37.5190674172 9.56147077225
6 37.7740837618 9.5615281016
5 37.8921555947 9.56155676627
5 38.0993759596 9.56161409562
5 38.3187315552 9.56167142496
5 38.4117661061 9.56170008963
5 38.6094640125 9.56175741898
5 38.7750751832 9.56181474832
5 38.8823240359 9.56187207767
5 38.9264781999 9.56190074234
5 39.0162752494 9.56195807169
5 39.0973990019 9.56201540103
5 39.2004794367 9.56207273038
5 39.273361235 9.56210139505
5 39.4496198146 9.5621587244
5 39.5527405554 9.56221605374
4 39.7168577894 9.56227338309
4 39.8175498097 9.56230204776
4 39.9159761462 9.56235937711
4 40.1326765003 9.56241670645
5 40.7245815995 9.5624740358
5 40.8808750821 9.56250270047
5 41.1206693521 9.56256002982
5 41.3293641879 9.56261735916
5 41.5162649072 9.56267468851
5 41.6102936841 9.56270335318
5 41.7786147817 9.56276068253
5 41.9023393294 9.56281801187
5 41.9981723799 9.56287534122
5 42.0561075063 9.56290400589
5 42.2847540602 9.56296133523
5 42.4396064539 9.56301866458
5 42.6240977357 9.56307599393
5 42.7084703343 9.5631046586
5 42.9338576507 9.56316198794
5 43.2439007909 9.56321931729
5 43.5145005185 9.56327664663
5 43.611714768 9.56330531131
5 43.8438375225 9.56336264065
5 43.9516842665 9.56341997
5 44.0233194089 9.56347729934
5 44.0620491661 9.56350596402
5 44.1318721457 9.56356329336
5 44.2215809442 9.56362062271
5 44.4830279721 9.56367795205
5 44.584178956 9.56370661673
5 44.7025946171 9.56376394607
5 44.8306701978 9.56382127542
5 44.9693391641 9.56387860476
5 45.0371988515 9.56390726944
5 45.176464686 9.56396459878
5 45.4025051421 9.56402192813
5 45.52978431 9.5640505928
5 45.7534558722 9.56410792214
5 45.9161636559 9.56416525149
5 46.0379224543 9.56422258084
5 46.1017234802 9.56425124551
5 46.2683345151 9.56430857485
5 46.416046725 9.5643659042
5 46.569386513 9.56442323354
5 46.6311296445 9.56445189822
5 46.7564666476 9.56450922756
5 46.907571822 9.56456655691
5 47.0179369328 9.56462388625
5 47.087063871 9.56465255093
5 47.2031860991 9.56470988027
5 47.3018727169 9.56476720962
5 47.4069654074 9.56482453896
5 47.4552735889 9.56485320364
5 47.5811406056 9.56491053298
5 47.7089339612 9.56496786233
5 47.8755888154 9.56502519167
5 47.9858421998 9.56505385634
5 48.2469490577 9.56511118569
5 48.4956822269 9.56516851504
5 48.7808350343 9.56522584438
5 48.91827503 9.56525450905
5 49.1686164992 9.5653118384
5 49.4357046129 9.56536916775
5 49.6108667615 9.56542649709
5 49.6773630479 9.56545516176
5 49.774027982 9.56551249111
5 49.941797609 9.56556982045
5 50.1906799528 9.5656271498
5 50.31312426 9.56565581447
5 50.5012283317 9.56571314382
5 50.7708067236 9.56577047316
5 51.0955417843 9.56582780251
5 51.2111393856 9.56585646718
5 51.3913997302 9.56591379653
5 51.5385500396 9.56597112587
5 51.698090806 9.56602845522
5 51.7763212242 9.56605711989
5 51.9730444815 9.56611444924
5 52.1001678054 9.56617177858
5 52.1495012272 9.56620044325
5 52.2335700176 9.5662577726
5 52.3611220224 9.56631510195
5 52.5048902284 9.56637243129
5 52.5843099756 9.56640109596
5 52.7689270408 9.56645842531
5 52.911917693 9.56651575466
5 53.0249805813 9.566573084
5 53.1276112513 9.56660174867
5 53.466840726 9.56665907802
5 53.8533406784 9.56671640736
5 54.1930408816 9.56677373671
5 54.3162565551 9.56680240138
5 54.5584322622 9.56685973073
5 54.7291525089 9.56691706007
5 54.8823097946 9.56697438942
5 54.9797143047 9.56700305409
5 55.1754059756 9.56706038344
5 55.4434276328 9.56711771278
5 55.7471423151 9.56717504213
5 55.8534832984 9.5672037068
5 56.0549327438 9.56726103615
5 56.2471041181 9.56731836549
6 56.6969104864 9.56737569484
6 56.7860104672 9.56740435951
6 56.9474783202 9.56746168886
6 57.0960114398 9.5675190182
6 57.3013762939 9.56757634755
6 57.3740503191 9.56760501222
6 57.5273660266 9.56766234156
6 57.7537205632 9.56771967091
6 57.9562324496 9.56777700026
6 58.0163137858 9.56780566493
6 58.1146559352 9.56786299427
6 58.2247438547 9.56792032362
6 58.3753440651 9.56797765297
6 58.4452061062 9.56800631764
6 58.5852954528 9.56806364698
6 58.7282222826 9.56812097633
6 58.8885202349 9.56817830567
6 58.9628026863 9.56820697035
6 59.1432126434 9.56826429969
6 59.3642320837 9.56832162904
6 59.4539206136 9.56835029371
6 59.6263655071 9.56840762306
6 59.8079057423 9.5684649524
6 60.119883252 9.56852228175
6 60.2790000168 9.56855094642
6 60.6088311328 9.56860827577
6 60.8918097958 9.56866560511
6 61.142579501 9.56872293446
5 61.2671321239 9.56875159913
5 61.5039396738 9.56880892847
5 61.7396344023 9.56886625782
5 61.9050034639 9.56892358717
5 62.0221284298 9.56895225184
4 62.3263124138 9.56900958118
4 62.5360039685 9.56906691053
4 62.6704459473 9.56912423988
4 62.7208991988 9.56915290455
4 62.8104958117 9.56921023389
4 62.8942650149 9.56926756324
4 63.0064653416 9.56932489258
4 63.067045967 9.56935355726
4 63.1696259303 9.5694108866
4 63.2701044993 9.56946821595
4 63.3826597216 9.56952554529
4 63.448037474 9.56955420997
4 63.7584270567 9.56961153931
4 63.9819715454 9.56966886866
4 64.0834486712 9.569726198
4 64.1376233746 9.56975486268
4 64.2453326548 9.56981219202
4 64.38622333 9.56986952137
4 64.5289516114 9.56992685071
4 64.6042197222 9.56995551538
4 64.8004046142 9.57001284473
4 65.1460020875 9.57007017408
4 65.2792747895 9.57012750342
