1 0.247682382724 9.55350199323
1 0.539596619416 9.55355932257
1 0.797507380116 9.55361665192
1 1.1483203809 9.55367398126
1 1.32919003105 9.55370264594
1 1.78942497997 9.55375997528
1 2.2032710198 9.55381730463
1 2.6159894522 9.55387463397
1 2.81090725391 9.55390329865
1 3.20367766522 9.55396062799
1 3.64540600203 9.55401795734
1 4.05804805132 9.55407528668
1 4.2360915474 9.55410395136
1 4.57669632985 9.5541612807
1 4.96525302396 9.55421861005
1 5.36274333753 9.55427593939
1 5.54851061425 9.55430460406
1 5.96857568699 9.55436193341
1 6.26611125838 9.55441926276
1 6.47691069776 9.5544765921
1 6.5487440169 9.55450525677
1 6.6704672064 9.55456258612
1 6.77670909707 9.55461991546
1 6.8528511737 9.55467724481
1 6.88599112622 9.55470590948
1 6.95271060649 9.55476323883
1 7.01020799767 9.55482056817
1 7.06036123316 9.55487789752
1 7.08686460593 9.55490656219
1 7.24253899248 9.55496389154
2 7.79890430948 9.55502122088
2 8.15824651001 9.55507855023
3 8.49417152816 9.5551072149
3 9.0200941223 9.55516454425
3 9.35993600731 9.55522187359
4 9.78698095384 9.55525053827
4 10.2984942575 9.55530786761
4 10.5649041111 9.55536519696
3 10.8143003546 9.5554225263
3 10.9504631815 9.55545119097
3 11.2598559473 9.55550852032
3 11.6580665198 9.55556584967
3 12.0442133662 9.55562317901
3 12.1619499208 9.55565184368
2 12.391990362 9.55570917303
2 12.5559401536 9.55576650237
2 12.7488431391 9.55582383172
2 12.8678871865 9.55585249639
2 13.1177462756 9.55590982574
2 13.2867144686 9.55596715508
2 13.4761653488 9.55602448443
2 13.5757134739 9.5560531491
2 13.8738607573 9.55611047845
2 14.005427098 9.55616780779
2 14.1838144914 9.55622513714
2 14.3083616722 9.55625380181
2 14.6351118049 9.55631113116
2 14.7932629699 9.5563684605
2 15.0287993804 9.55642578985
2 15.2289597469 9.55645445452
2 15.5599986157 9.55651178387
2 15.6987115298 9.55656911321
2 15.9437949052 9.55662644256
2 16.0530703958 9.55665510723
2 16.2935778284 9.55671243658
2 16.4680619283 9.55676976592
2 16.7018606602 9.55682709527
2 16.8251259823 9.55685575994
2 17.0460794899 9.55691308928
2 17.3073464158 9.55697041863
2 17.4686705063 9.55702774798
2 17.6203297489 9.55705641265
2 17.9380014905 9.55711374199
2 18.1548759631 9.55717107134
2 18.487632566 9.55722840068
2 18.5829905656 9.55725706536
2 18.9942027159 9.5573143947
2 19.4570604128 9.55737172405
2 19.5643047229 9.55740038872
2 19.8794828802 9.55745771807
2 20.0974160727 9.55751504741
2 20.3270515719 9.55757237676
2 20.4405673565 9.55760104143
2 20.642515788 9.55765837078
2 20.7994961 9.55771570012
2 21.0593791211 9.55777302947
2 21.1604466154 9.55780169414
2 21.3773559321 9.55785902349
2 21.74633111 9.55791635283
2 21.9751569886 9.55797368218
2 22.0891514456 9.55800234685
2 22.3583955627 9.55805967619
2 22.5992040445 9.55811700554
2 22.7585947557 9.55817433489
2 22.8263141532 9.55820299956
2 22.9679788736 9.5582603289
2 23.1410303918 9.55831765825
2 23.3422293627 9.55837498759
2 23.4398617547 9.55840365227
2 23.604932019 9.55846098161
2 23.7714933483 9.55851831096
2 23.9250887235 9.5585756403
2 23.9879499845 9.55860430498
2 24.146994454 9.55866163432
2 24.2955070788 9.55871896367
2 24.4577018169 9.55877629301
2 24.5262994615 9.55880495769
2 24.6856454399 9.55886228703
2 24.8129189897 9.55891961638
2 24.9768059759 9.55897694572
2 25.0661927922 9.5590056104
2 25.2264153074 9.55906293974
2 25.3940246598 9.55912026909
2 25.5707151335 9.55917759843
2 25.7099599495 9.5592062631
2 25.9265997186 9.55926359245
2 26.0876418282 9.5593209218
2 26.2576307186 9.55937825114
2 26.3468812406 9.55940691581
2 26.4999535074 9.55946424516
2 26.6471520113 9.5595215745
2 26.7127962643 9.55955023918
2 26.8429518553 9.55960756852
2 27.0035761768 9.55966489787
2 27.2314964317 9.55972222721
2 27.3213940532 9.55975089189
2 27.5104302372 9.55980822123
2 27.6941193532 9.55986555058
2 27.8379216156 9.55992287992
2 27.9158553462 9.5599515446
2 28.0453565923 9.56000887394
2 28.1934675504 9.56006620329
2 28.3798330124 9.56012353263
2 28.4926171726 9.56015219731
2 28.6789762763 9.56020952665
2 28.8343409485 9.560266856
2 28.9680282197 9.56032418534
3 29.1838241453 9.56035285001
3 29.4557012828 9.56041017936
3 29.7708654963 9.56046750871
4 30.3893624985 9.56052483805
4 30.7323826747 9.56055350272
3 31.1316357471 9.56061083207
3 31.37913595 9.56066816141
3 31.6351658094 9.56072549076
3 31.7345675376 9.56075415543
3 31.9402157946 9.56081148478
3 32.136271895 9.56086881412
3 32.306469662 9.56092614347
3 32.4143115584 9.56095480814
3 32.6707749965 9.56101213749
3 32.8333079619 9.56106946683
3 33.0410351405 9.56112679618
3 33.1156338729 9.56115546085
3 33.2680630857 9.5612127902
3 33.4555171405 9.56127011954
3 33.5701854812 9.56132744889
3 33.6162504146 9.56135611356
3 33.7302190569 9.56141344291
3 33.9690254942 9.56147077225
3 34.1208873722 9.5615281016
3 34.1850930563 9.56155676627
3 34.3610137903 9.56161409562
3 34.5758488989 9.56167142496
3 34.6898252645 9.56170008963
3 35.14631342 9.56175741898
3 35.4576356828 9.56181474832
3 35.7740348462 9.56187207767
3 35.8992490688 9.56190074234
4 36.4202805047 9.56195807169
4 36.7973849814 9.56201540103
4 37.2426152602 9.56207273038
4 37.3713928729 9.56210139505
4 37.6954137266 9.5621587244
4 37.9873068695 9.56221605374
4 38.1528783737 9.56227338309
4 38.2770077611 9.56230204776
4 38.3727331015 9.56235937711
4 38.4983264941 9.56241670645
4 38.6363770849 9.5624740358
4 38.6877858378 9.56250270047
4 38.824938938 9.56256002982
4 38.9635699069 9.56261735916
4 39.1060540749 9.56267468851
4 39.1875693953 9.56270335318
4 39.3221998544 9.56276068253
4 39.4700506229 9.56281801187
4 39.6249595545 9.56287534122
4 39.7516667786 9.56290400589
4 39.8639793419 9.56296133523
4 40.0250443356 9.56301866458
4 40.2907694822 9.56307599393
4 40.4840409035 9.5631046586
4 40.8597911365 9.56316198794
4 41.1117844654 9.56321931729
4 41.3308180161 9.56327664663
4 41.4403918217 9.56330531131
4 41.6425898008 9.56336264065
4 41.7770316308 9.56341997
4 41.9405556035 9.56347729934
4 41.9988826966 9.56350596402
4 42.1294261534 9.56356329336
4 42.2480318723 9.56362062271
4 42.4226998479 9.56367795205
4 42.5014241778 9.56370661673
4 42.6226320125 9.56376394607
4 42.7570930476 9.56382127542
4 42.8747137098 9.56387860476
4 42.9156746583 9.56390726944
4 43.0264679831 9.56396459878
4 43.1882573092 9.56402192813
4 43.2843850443 9.5640505928
5 43.5782976536 9.56410792214
5 43.8469143347 9.56416525149
5 44.1070442443 9.56422258084
5 44.1987643783 9.56425124551
5 44.3866602976 9.56430857485
5 44.5498302465 9.5643659042
5 44.7622297231 9.56442323354
5 44.8308566503 9.56445189822
5 45.1000128772 9.56450922756
5 45.2385806693 9.56456655691
5 45.3942553713 9.56462388625
5 45.4522580443 9.56465255093
5 45.6045537375 9.56470988027
5 45.7343368203 9.56476720962
5 45.8920346624 9.56482453896
5 45.9638918381 9.56485320364
5 46.0987369783 9.56491053298
5 46.2336138336 9.56496786233
5 46.4184555885 9.56502519167
5 46.4758258532 9.56505385634
5 46.6099862442 9.56511118569
5 46.7405775212 9.56516851504
5 46.8576923046 9.56522584438
5 46.9064257218 9.56525450905
5 47.0757466649 9.5653118384
5 47.2373778456 9.56536916775
5 47.3981294224 9.56542649709
5 47.4628912925 9.56545516176
5 47.6642572974 9.56551249111
5 47.8281209429 9.56556982045
5 47.9734234614 9.5656271498
5 48.0538156029 9.56565581447
5 48.2296322471 9.56571314382
6 48.4558096764 9.56577047316
6 48.6109676503 9.56582780251
6 48.6868090252 9.56585646718
6 48.8187370639 9.56591379653
6 48.987121345 9.56597112587
6 49.1005880975 9.56602845522
6 49.2115602597 9.56605711989
6 49.3998793852 9.56611444924
6 49.518330354 9.56617177858
6 49.5977281565 9.56620044325
6 49.7364809289 9.5662577726
6 49.9512948459 9.56631510195
6 50.1532043237 9.56637243129
6 50.2096510675 9.56640109596
6 50.448341874 9.56645842531
6 50.6096902735 9.56651575466
6 51.0087791712 9.566573084
6 51.0938038938 9.56660174867
6 51.2762853476 9.56665907802
6 51.5012366818 9.56671640736
6 51.7167450229 9.56677373671
6 51.7918696046 9.56680240138
6 51.9821525732 9.56685973073
6 52.1366765075 9.56691706007
7 52.4027621498 9.56697438942
7 52.5502978506 9.56700305409
7 52.8108189632 9.56706038344
7 52.9596089942 9.56711771278
8 53.5009854623 9.56717504213
8 53.6720861815 9.5672037068
8 53.9718649414 9.56726103615
8 54.2949343606 9.56731836549
8 54.5795875541 9.56737569484
8 54.6923029415 9.56740435951
8 54.9590809039 9.56746168886
8 55.2664737497 9.5675190182
8 55.4361286 9.56757634755
8 55.5402934811 9.56760501222
8 55.7330562186 9.56766234156
8 55.9379269198 9.56771967091
8 56.2321505681 9.56777700026
8 56.3282138897 9.56780566493
8 56.5465840414 9.56786299427
8 56.8432216546 9.56792032362
8 57.0211516954 9.56797765297
8 57.1224231114 9.56800631764
7 57.4175055314 9.56806364698
7 57.5582023529 9.56812097633
7 57.6891911695 9.56817830567
7 57.7689584841 9.56820697035
7 57.895449875 9.56826429969
7 58.0177479054 9.56832162904
7 58.0791532456 9.56835029371
7 58.1921647823 9.56840762306
7 58.2863998608 9.5684649524
7 58.4480677061 9.56852228175
7 58.5221232797 9.56855094642
7 58.6364258357 9.56860827577
7 58.7286737635 9.56866560511
7 58.8501795511 9.56872293446
7 58.9115429207 9.56875159913
7 59.0123784124 9.56880892847
7 59.0968163336 9.56886625782
7 59.2026877776 9.56892358717
7 59.2576853484 9.56895225184
7 59.357319677 9.56900958118
7 59.4646569822 9.56906691053
7 59.56943887 9.56912423988
7 59.6186106609 9.56915290455
7 59.7481316971 9.56921023389
7 59.9278921224 9.56926756324
7 60.0635721129 9.56932489258
7 60.1342673232 9.56935355726
7 60.3055012422 9.5694108866
7 60.5175290386 9.56946821595
7 60.6557035086 9.56952554529
7 60.721872056 9.56955420997
7 60.8727849424 9.56961153931
7 61.0264441684 9.56966886866
7 61.150793658 9.569726198
7 61.2235347242 9.56975486268
7 61.3620108624 9.56981219202
7 61.4977981853 9.56986952137
7 61.6686504632 9.56992685071
7 61.7809155876 9.56995551538
7 61.9915998713 9.57001284473
7 62.1673947583 9.57007017408
7 62.336707543 9.57012750342
7 62.4471649483 9.57015616809
7 62.6634011903 9.57021349744
7 62.8156670426 9.57027082678
7 62.9620310818 9.57032815613
7 63.0415952105 9.5703568208
7 63.2074497676 9.57041415015
7 63.3662803194 9.57047147949
7 63.4456439527 9.57050014417
7 63.6160682736 9.57055747351
7 63.8028940154 9.57061480286
7 63.9924295563 9.5706721322
7 64.0948697747 9.57070079688
7 64.3317093053 9.57075812622
7 64.4999771548 9.57081545557
7 64.7012193244 9.57087278491
7 64.8183904884 9.57090144959
7 64.9984738705 9.57095877893
7 65.18376106 9.57101610828
7 65.3544135518 9.57107343762
7 65.4445299 9.57110210229
7 65.6206942659 9.57115943164
7 65.7988784865 9.57121676099
7 65.9597397706 9.57127409033
7 66.0542549516 9.571302755
7 66.2724335233 9.57136008435
7 66.44360475 9.57141741369
7 66.6192625827 9.57147474304
7 66.707765883 9.57150340771
7 66.8821543185 9.57156073706
7 67.0700551931 9.5716180664
7 67.2912108501 9.57167539575
7 67.4223717109 9.57170406042
7 67.678730801 9.57176138977
7 67.9142320644 9.57181871911
7 68.124710085 9.57187604846
7 68.2259417319 9.57190471313
7 68.4607566945 9.57196204248
